Category	Term	Count	%	PValue	Genes	List Total	Pop Hits	Pop Total	Fold Enrichment	Bonferroni	Benjamini	FDR
GOTERM_BP_DIRECT	GO:0007049~cell cycle	40	24.691358024691358	3.8211610485291866E-30	72119, 215387, 17345, 72415, 14694, 72776, 268697, 68612, 30939, 19384, 57441, 20878, 56150, 69928, 233406, 27221, 52276, 22196, 214901, 18519, 18817, 12237, 66197, 16319, 12316, 51944, 12534, 66442, 21335, 217653, 68743, 27214, 68549, 229841, 12449, 54124, 108907, 19735, 17215, 218977	157	650	29878	11.711121999020088	5.009542134621764E-27	5.009542134621764E-27	4.9254765915541214E-27
GOTERM_BP_DIRECT	GO:0051301~cell division	31	19.1358024691358	9.260782611259855E-26	72119, 215387, 72415, 268697, 68612, 30939, 19384, 20878, 54392, 56150, 69928, 233406, 52276, 22196, 18817, 12237, 66197, 16319, 12316, 51944, 12534, 66442, 21335, 217653, 68743, 68549, 229841, 12449, 54124, 100502766, 108907	157	408	29878	14.45950418383914	1.214088600336167E-22	6.070443001680835E-23	5.968574392956977E-23
UP_KW_BIOLOGICAL_PROCESS	KW-0131~Cell cycle	42	25.925925925925924	2.2301555626118362E-25	72119, 215387, 17345, 72415, 14694, 72776, 268697, 68612, 30939, 19384, 57441, 20878, 54392, 56150, 69928, 233406, 27221, 52276, 22196, 214901, 18519, 18817, 12237, 66197, 16319, 12316, 51944, 12534, 66442, 21335, 217653, 68743, 27214, 68549, 229841, 12449, 54124, 100502766, 108907, 19735, 17215, 218977	99	656	11227	7.260624538063563	1.4496011156976935E-23	1.4496011156976935E-23	1.4496011156976935E-23
UP_KW_BIOLOGICAL_PROCESS	KW-0132~Cell division	31	19.1358024691358	1.1459434740505829E-20	72119, 215387, 72415, 268697, 68612, 30939, 19384, 20878, 54392, 56150, 69928, 233406, 52276, 22196, 18817, 12237, 66197, 16319, 12316, 51944, 12534, 66442, 21335, 217653, 68743, 68549, 229841, 12449, 54124, 100502766, 108907	99	394	11227	8.922652925190997	7.448632581328789E-19	3.7243162906643945E-19	3.7243162906643945E-19
UP_KW_BIOLOGICAL_PROCESS	KW-0498~Mitosis	27	16.666666666666664	6.763435659583824E-20	72119, 215387, 72415, 268697, 68612, 30939, 19384, 20878, 54392, 56150, 69928, 52276, 22196, 18817, 12237, 16319, 12316, 51944, 12534, 66442, 21335, 217653, 68743, 229841, 12449, 100502766, 108907	99	284	11227	10.781370038412291	4.396233178729486E-18	1.4654110595764952E-18	1.4654110595764952E-18
GOTERM_CC_DIRECT	GO:0005634~nucleus	83	51.23456790123457	3.6817476583069756E-16	72415, 14694, 268697, 71564, 30939, 70350, 19384, 94244, 208677, 69928, 246196, 66929, 22196, 214901, 228482, 18817, 12237, 16319, 12316, 109205, 18148, 14260, 19155, 75735, 98238, 20384, 406217, 27214, 21834, 11910, 229841, 12449, 56228, 18708, 100502766, 108907, 17215, 242083, 13655, 16647, 72119, 68895, 215387, 18830, 17345, 75747, 68612, 72155, 665113, 72475, 22695, 56198, 57441, 20878, 56150, 233406, 12615, 52276, 27221, 13345, 78749, 18519, 18514, 72828, 17427, 51944, 12534, 66442, 20203, 217653, 238330, 244871, 68743, 12142, 218100, 27756, 70261, 68549, 97165, 12144, 71949, 19735, 218977	159	6691	30060	2.3451947561212894	9.492406860545088E-14	1.049298082617488E-13	9.425274005265857E-14
GOTERM_BP_DIRECT	GO:0007059~chromosome segregation	14	8.641975308641975	3.1620780536088465E-14	66442, 72415, 406217, 30939, 72155, 68549, 69928, 229841, 22196, 214901, 12237, 16319, 218977, 51944	157	113	29878	23.577701369708585	4.1481817980582036E-11	1.381828109427066E-11	1.3586395370339344E-11
GOTERM_CC_DIRECT	GO:0000775~chromosome, centromeric region	15	9.25925925925926	1.628085161082855E-13	66442, 17345, 217653, 72415, 72155, 68549, 69928, 56150, 229841, 12615, 52276, 18817, 12237, 16319, 51944	159	160	30060	17.724056603773587	4.6386228191863665E-11	2.3200213545430684E-11	2.0839490061860543E-11
GOTERM_CC_DIRECT	GO:0005694~chromosome	22	13.580246913580247	1.1019510097172229E-11	66442, 215387, 17345, 217653, 72415, 72155, 68549, 94244, 97165, 69928, 56150, 229841, 246196, 12615, 52276, 12144, 18817, 108907, 12237, 17215, 16319, 51944	159	610	30060	6.818434890194866	3.1405628098113425E-9	1.0468534592313617E-9	9.403315282920302E-10
GOTERM_CC_DIRECT	GO:0005737~cytoplasm	79	48.76543209876543	2.4651659268912932E-11	20378, 72415, 14694, 268697, 72776, 30939, 70350, 19384, 67427, 94244, 54392, 246196, 66929, 83675, 22196, 24056, 214901, 50795, 18817, 104732, 16319, 12316, 19989, 66101, 76808, 18148, 14260, 19155, 75735, 18263, 232174, 20384, 406217, 229841, 12449, 18708, 100502766, 108907, 17215, 16647, 72119, 215387, 17345, 75747, 15366, 665113, 22695, 56198, 57441, 20878, 56150, 233406, 209737, 56431, 52276, 13345, 78749, 18519, 69387, 18514, 72828, 17427, 51944, 12534, 20203, 21335, 68743, 12142, 218100, 27756, 70261, 22785, 97165, 54381, 78733, 12144, 19735, 17756, 218977	159	7472	30060	1.9988586319744657	7.025710013763842E-9	1.7564307229100464E-9	1.5777061932104277E-9
UP_KW_CELLULAR_COMPONENT	KW-0137~Centromere	14	8.641975308641975	1.1657755529086673E-10	66442, 217653, 72415, 72155, 68549, 69928, 56150, 229841, 12615, 52276, 18817, 12237, 16319, 51944	145	146	18500	12.23429381199811	3.4973257623249765E-9	3.497326658726002E-9	3.497326658726002E-9
GOTERM_CC_DIRECT	GO:0000776~kinetochore	13	8.024691358024691	1.6335831108021773E-10	66442, 72415, 72155, 68549, 20878, 69928, 56150, 229841, 18519, 18817, 12237, 16319, 51944	159	175	30060	14.04420485175202	4.6557122046486654E-8	9.311423731572411E-9	8.363945527307148E-9
GOTERM_CC_DIRECT	GO:0005856~cytoskeleton	30	18.51851851851852	3.766793617630398E-10	72119, 72415, 15366, 72776, 268697, 665113, 20878, 56150, 233406, 209737, 52276, 18519, 18817, 104732, 16319, 12316, 17427, 51944, 12534, 21335, 18148, 14260, 68743, 406217, 229841, 12449, 100502766, 108907, 17756, 218977	159	1431	30060	3.963450812863415	1.073536102236261E-7	1.789226968374439E-8	1.6071652768556365E-8
GOTERM_BP_DIRECT	GO:0007052~mitotic spindle organization	9	5.555555555555555	1.22736577173381E-9	66442, 229841, 21335, 268697, 52276, 18817, 20878, 16319, 218977	157	62	29878	27.62502568317239	1.6090752238406836E-6	4.022691316857562E-7	3.9551861994122026E-7
GOTERM_CC_DIRECT	GO:0000922~spindle pole	11	6.790123456790123	3.359838645556761E-9	72119, 233406, 21335, 72415, 268697, 406217, 18817, 20878, 12316, 56150, 51944	159	138	30060	15.069729286300246	9.575535525607748E-7	1.2850428722003667E-7	1.154284123801031E-7
GOTERM_CC_DIRECT	GO:0072686~mitotic spindle	11	6.790123456790123	3.607137886878222E-9	72119, 229841, 21335, 100502766, 18519, 108907, 20878, 218977, 56150, 12534, 51944	159	139	30060	14.96131396769377	1.0280337811030549E-6	1.2850428722003667E-7	1.154284123801031E-7
UP_KW_CELLULAR_COMPONENT	KW-0995~Kinetochore	11	6.790123456790123	8.338040436529101E-9	66442, 229841, 72415, 72155, 18817, 68549, 12237, 16319, 56150, 51944, 69928	145	104	18500	13.494694960212202	2.501411842104062E-7	1.1235721982734398E-7	1.1235721982734398E-7
UP_KW_CELLULAR_COMPONENT	KW-0158~Chromosome	22	13.580246913580247	1.1235721982734398E-8	66442, 215387, 17345, 217653, 72415, 72155, 68549, 94244, 97165, 54392, 69928, 56150, 229841, 246196, 12615, 52276, 18817, 108907, 12237, 17215, 16319, 51944	145	611	18500	4.593938709859473	3.3707160562723715E-7	1.1235721982734398E-7	1.1235721982734398E-7
GOTERM_CC_DIRECT	GO:0005654~nucleoplasm	46	28.39506172839506	3.350474195992177E-8	72119, 215387, 17345, 72535, 72415, 14694, 72155, 665113, 19384, 56198, 57441, 20878, 94244, 208677, 56150, 233406, 66929, 12615, 52276, 22196, 24056, 13345, 214901, 18519, 12237, 18514, 16319, 12534, 20203, 18148, 238330, 20384, 68743, 406217, 12142, 218100, 27756, 70261, 27214, 68549, 97165, 11910, 12144, 17215, 13655, 16647	159	3681	30060	2.3625655456628376	9.548806034320734E-6	1.0609834953975228E-6	9.530237713044414E-7
GOTERM_CC_DIRECT	GO:0000779~condensed chromosome, centromeric region	6	3.7037037037037033	1.1735425014704918E-7	229841, 12615, 72415, 18817, 68549, 54392	159	23	30060	49.31911402789171	3.344540392968831E-5	3.3445961291909017E-6	3.0042688037644593E-6
UP_KW_CELLULAR_COMPONENT	KW-0539~Nucleus	72	44.44444444444444	1.3599525838507373E-7	72415, 14694, 268697, 30939, 19384, 94244, 208677, 69928, 246196, 66929, 22196, 214901, 228482, 18817, 12237, 16319, 12316, 66101, 18148, 14260, 19155, 75735, 98238, 20384, 406217, 27214, 21834, 11910, 12449, 100502766, 108907, 17215, 13655, 16647, 72119, 68895, 215387, 18830, 17345, 72155, 665113, 72475, 22695, 56198, 57441, 56150, 233406, 12615, 52276, 27221, 13345, 78749, 18519, 18514, 72828, 17427, 51944, 12534, 66442, 20203, 217653, 238330, 68743, 12142, 218100, 27756, 70261, 68549, 97165, 12144, 19735, 218977	145	5313	18500	1.7290056270566017	4.079849706406513E-6	1.0199644378880529E-6	1.0199644378880529E-6
GOTERM_MF_DIRECT	GO:0005515~protein binding	57	35.18518518518518	3.824655331631869E-7	20378, 14694, 268697, 70350, 19384, 246196, 83675, 22196, 18817, 104732, 18148, 14260, 13176, 12484, 20384, 21834, 319939, 18708, 100502766, 242083, 16647, 72119, 68895, 75747, 665113, 72475, 22695, 56198, 57441, 20878, 56150, 52276, 27221, 13345, 14630, 18519, 69387, 18514, 72828, 17427, 12534, 21335, 217653, 68743, 65115, 12142, 218100, 27756, 68549, 97165, 83964, 16949, 12144, 235611, 19735, 17756, 12424	157	5504	29205	1.9264333524663013	1.4991527924035353E-4	1.4992648899996925E-4	1.4763169580099013E-4
GOTERM_BP_DIRECT	GO:0000070~mitotic sister chromatid segregation	6	3.7037037037037033	4.666093570072144E-7	52276, 19384, 18817, 108907, 56150, 51944	157	30	29878	38.06114649681528	6.115379442022117E-4	1.223449734072916E-4	1.2029189223645988E-4
UP_KW_CELLULAR_COMPONENT	KW-0206~Cytoskeleton	30	18.51851851851852	5.013300921406137E-7	72119, 72415, 15366, 72776, 268697, 665113, 20878, 56150, 233406, 209737, 52276, 18519, 18817, 104732, 16319, 12316, 17427, 51944, 12534, 21335, 18148, 14260, 68743, 406217, 229841, 12449, 100502766, 108907, 17756, 218977	145	1354	18500	2.82687312178475	1.503979343431272E-5	3.007980552843682E-6	3.007980552843682E-6
GOTERM_CC_DIRECT	GO:0005874~microtubule	13	8.024691358024691	6.115629811644129E-7	72119, 406217, 319613, 20878, 233406, 209737, 229841, 100502766, 108907, 16319, 12316, 17756, 51944	159	367	30060	6.696827926584751	1.7428031434407742E-4	1.5845040875623424E-5	1.4232738470735427E-5
GOTERM_MF_DIRECT	GO:0008017~microtubule binding	11	6.790123456790123	2.602508892864436E-6	72119, 233406, 229841, 209737, 14260, 100502766, 319613, 18817, 108907, 17756, 218977	157	277	29205	7.387040401020948	0.0010196646019040578	4.4070977060291564E-4	4.3396421288960575E-4
GOTERM_CC_DIRECT	GO:0030496~midbody	10	6.172839506172839	3.0954698589663346E-6	233406, 229841, 14694, 52276, 68743, 19384, 18817, 16319, 12316, 12534	159	224	30060	8.440026954177897	8.818212421680682E-4	7.351740915045044E-5	6.603669032461513E-5
GOTERM_MF_DIRECT	GO:0019901~protein kinase binding	15	9.25925925925926	3.372778856654967E-6	72119, 18148, 12484, 268697, 27756, 22695, 20878, 233406, 229841, 18708, 54124, 18519, 18817, 66197, 17756	157	585	29205	4.769720725134738	0.0013212579105899014	4.4070977060291564E-4	4.3396421288960575E-4
GOTERM_BP_DIRECT	GO:0044772~mitotic cell cycle phase transition	5	3.0864197530864197	4.860916130526744E-6	12449, 268697, 54124, 66197, 12534	157	22	29878	43.2513028372901	0.006352414097343884	0.0010621101745200935	0.0010442868153748288
BIOCARTA	m_ranMSPathway:Role of Ran in mitotic spindle regulation	5	3.0864197530864197	5.37446414930175E-6	72119, 209737, 19384, 20878, 16647	19	10	1286	33.84210526315789	4.13749233734384E-4	4.08459275346933E-4	4.08459275346933E-4
GOTERM_BP_DIRECT	GO:0007346~regulation of mitotic cell cycle	6	3.7037037037037033	8.529699232975766E-6	54124, 406217, 57441, 18817, 66197, 218977	157	53	29878	21.544045186876577	0.011120191826363035	0.0015974908134901756	0.0015706831873293946
GOTERM_CC_DIRECT	GO:0043203~axon hillock	4	2.4691358024691357	1.1693517886639975E-5	72119, 20878, 17756, 12424	159	9	30060	84.0251572327044	0.003327124895489031	2.5635789213018404E-4	2.3027235222921797E-4
GOTERM_CC_DIRECT	GO:0005819~spindle	8	4.938271604938271	1.3369995310521452E-5	72119, 233406, 229841, 209737, 15366, 18817, 108907, 16319	159	147	30060	10.288794763188294	0.003803223492386709	2.721749045356153E-4	2.444799142495351E-4
GOTERM_CC_DIRECT	GO:0005576~extracellular region	26	16.049382716049383	1.798663425732748E-5	20378, 59083, 18830, 14590, 18155, 239852, 71564, 18552, 22410, 20315, 69387, 85031, 20203, 140806, 674895, 23892, 72043, 97165, 54381, 83964, 16949, 320924, 16008, 320701, 50766, 12424	159	1887	30060	2.604913459519453	0.005113120135879057	3.417460508892221E-4	3.0697189132505566E-4
KEGG_PATHWAY	mmu04110:Cell cycle	9	5.555555555555555	1.9343451466414875E-5	72415, 268697, 30939, 27214, 18817, 12237, 17215, 56150, 12534	73	157	9718	7.631271267777681	0.0037456334283101356	0.003752629584484486	0.003752629584484486
GOTERM_CC_DIRECT	GO:0015630~microtubule cytoskeleton	9	5.555555555555555	2.209864519558332E-5	72119, 233406, 229841, 15366, 52276, 18817, 20878, 16319, 17756	159	219	30060	7.769449470147325	0.006278391487105406	3.936321175463279E-4	3.5357832312933314E-4
GOTERM_CC_DIRECT	GO:0005829~cytosol	45	27.77777777777778	2.592938726564482E-5	215387, 72535, 72415, 15366, 14694, 268697, 68612, 30939, 665113, 67427, 22695, 19384, 57441, 20878, 94244, 208677, 56150, 66929, 22196, 214901, 18519, 69387, 16319, 19989, 12534, 66442, 20203, 66101, 76808, 21335, 18148, 19155, 75735, 18263, 20384, 406217, 218100, 70261, 319939, 18708, 12144, 19735, 242083, 16647, 218977	159	4529	30060	1.8784604040210466	0.007362732481847045	4.346985512181632E-4	3.90466067059122E-4
GOTERM_BP_DIRECT	GO:0007094~mitotic spindle assembly checkpoint signaling	5	3.0864197530864197	2.6002742454691138E-5	66442, 229841, 18817, 12237, 56150	157	33	29878	28.834201891526735	0.03351552016772841	0.004261199419762511	0.00418969187801211
GOTERM_BP_DIRECT	GO:0000281~mitotic cytokinesis	6	3.7037037037037033	3.3496170268083235E-5	12615, 52276, 68743, 18817, 108907, 16319	157	70	29878	16.311919927206553	0.04296394642767987	0.004879275469050791	0.00479739594172881
GOTERM_CC_DIRECT	GO:0005813~centrosome	14	8.641975308641975	4.230783306288013E-5	21335, 18148, 72415, 15366, 72776, 268697, 218100, 20878, 12449, 18519, 18817, 17215, 12316, 12534	159	650	30060	4.071988388969521	0.01198558128374072	6.698740234956022E-4	6.017114035609619E-4
UP_KW_BIOLOGICAL_PROCESS	KW-0159~Chromosome partition	6	3.7037037037037033	5.817018257109E-5	72415, 22196, 30939, 68549, 12237, 16319	99	48	11227	14.175505050505052	0.0037740322152111094	9.452654667802125E-4	9.452654667802125E-4
GOTERM_CC_DIRECT	GO:0005615~extracellular space	26	16.049382716049383	7.2626862284307E-5	20378, 59083, 18830, 14590, 239852, 18552, 22410, 20315, 14537, 85031, 16979, 20203, 140806, 19155, 223917, 23892, 72043, 97165, 54381, 83964, 16949, 320924, 56464, 16008, 320701, 12424	159	2055	30060	2.391957030712023	0.020486645238542378	0.001089402934264605	9.785514076201365E-4
GOTERM_BP_DIRECT	GO:0008608~attachment of spindle microtubules to kinetochore	4	2.4691358024691357	1.0755406299040327E-4	66442, 229841, 72415, 12237	157	18	29878	42.29016277423921	0.13152020677774268	0.014100337658041867	0.013863718719462981
GOTERM_CC_DIRECT	GO:0005730~nucleolus	16	9.876543209876543	1.3341704033787498E-4	68895, 17345, 18148, 75735, 20384, 12142, 70261, 19384, 97165, 11910, 246196, 52276, 13345, 12144, 108907, 19735	159	937	30060	3.2282877912245023	0.03731246788441911	0.0019011928248147184	0.0017077381163248
GOTERM_CC_DIRECT	GO:0031616~spindle pole centrosome	4	2.4691358024691357	1.520918364031362E-4	18148, 100502766, 20878, 218977	159	20	30060	37.81132075471698	0.04242331274711342	0.002064103494042563	0.0018540719104382319
GOTERM_BP_DIRECT	GO:0032868~response to insulin	6	3.7037037037037033	1.5928519527927856E-4	75747, 14590, 18708, 20384, 13345, 14537	157	97	29878	11.77148860726246	0.1884745444261039	0.01898389918283038	0.018665328792271826
GOTERM_MF_DIRECT	GO:0042803~protein homodimerization activity	15	9.25925925925926	1.7682160845927005E-4	20203, 18148, 14694, 75735, 18263, 22022, 23892, 56198, 208677, 54381, 56150, 11910, 83964, 12144, 51944	157	841	29205	3.317820004998599	0.06697212267845587	0.017328517629008465	0.01706328521631956
KEGG_PATHWAY	mmu04114:Oocyte meiosis	7	4.320987654320987	2.874023446399613E-4	72415, 268697, 30939, 18817, 20878, 56150, 12534	73	123	9718	7.576122062590489	0.05423775542513598	0.027878027430076245	0.027878027430076245
UP_KW_CELLULAR_COMPONENT	KW-0493~Microtubule	10	6.172839506172839	3.606758123885862E-4	72119, 233406, 209737, 100502766, 108907, 20878, 16319, 12316, 17756, 51944	145	281	18500	4.540434409129954	0.010763876537800865	0.0018033790619429312	0.0018033790619429312
GOTERM_MF_DIRECT	GO:0003677~DNA binding	23	14.19753086419753	3.7969332566661006E-4	17345, 18148, 217653, 12142, 218100, 72475, 22695, 56198, 208677, 21834, 97165, 69928, 11910, 12615, 13345, 214901, 12144, 71949, 108907, 17215, 18514, 13655, 19989	157	1861	29205	2.299000263538882	0.13831719144642696	0.02976795673226223	0.0293123247414623
GOTERM_BP_DIRECT	GO:0010826~negative regulation of centrosome duplication	3	1.8518518518518516	4.0075848960131953E-4	12449, 18148, 100502766	157	6	29878	95.15286624203821	0.40874015380589046	0.04378286498894416	0.043048141091341745
GOTERM_CC_DIRECT	GO:0032133~chromosome passenger complex	3	1.8518518518518516	4.061319705622418E-4	52276, 20878, 16319	159	6	30060	94.52830188679245	0.109320943526242	0.0052512566937679825	0.004716918293349485
GOTERM_CC_DIRECT	GO:0051233~spindle midzone	4	2.4691358024691357	4.237856279181178E-4	229841, 52276, 18817, 20878	159	28	30060	27.008086253369274	0.11379280682227144	0.0052512566937679825	0.004716918293349485
GOTERM_BP_DIRECT	GO:0010971~positive regulation of G2/M transition of mitotic cell cycle	4	2.4691358024691357	4.6174928749016006E-4	268697, 22410, 18514, 12534	157	29	29878	26.249066549527786	0.4541947870178905	0.04470687204455096	0.043956642307724024
GOTERM_BP_DIRECT	GO:0008284~positive regulation of cell population proliferation	12	7.4074074074074066	4.7741892343532686E-4	319939, 20203, 233406, 11910, 18148, 18263, 23892, 70261, 72475, 21834, 20315, 12424	157	627	29878	3.6422149757717976	0.4652979823130269	0.04470687204455096	0.043956642307724024
GOTERM_BP_DIRECT	GO:0000278~mitotic cell cycle	6	3.7037037037037033	5.744522035749215E-4	229841, 52276, 18817, 20878, 16319, 12316	157	128	29878	8.920581210191083	0.5292006262146685	0.05020712259244814	0.04936459269387159
GOTERM_MF_DIRECT	GO:0016538~cyclin-dependent protein serine/threonine kinase regulator activity	4	2.4691358024691357	6.020820295300581E-4	12449, 268697, 54124, 66197	157	31	29205	24.002465584549007	0.2102882193032578	0.03933602592929712	0.038733943899767066
KEGG_PATHWAY	mmu04914:Progesterone-mediated oocyte maturation	6	3.7037037037037033	6.079424800742389E-4	18708, 268697, 18817, 20878, 56150, 12534	73	93	9718	8.588599204595669	0.11128324612045049	0.03931361371146745	0.03931361371146745
GOTERM_MF_DIRECT	GO:0140677~molecular function activator activity	4	2.4691358024691357	7.251098969005948E-4	30939, 12144, 20878, 16319	157	33	29205	22.547770700636942	0.2474939053310371	0.04060615422643331	0.039984631457661374
GOTERM_BP_DIRECT	GO:1902425~positive regulation of attachment of mitotic spindle microtubules to kinetochore	3	1.8518518518518516	7.429592622434817E-4	52276, 18519, 16319	157	8	29878	71.36464968152866	0.6225743187576882	0.06087622455007528	0.05985465556449049
GOTERM_BP_DIRECT	GO:0051256~mitotic spindle midzone assembly	3	1.8518518518518516	9.519587613267147E-4	233406, 52276, 16319	157	9	29878	63.4352441613588	0.7130973571147621	0.07341281977054842	0.07218087313824326
GOTERM_CC_DIRECT	GO:0000307~cyclin-dependent protein kinase holoenzyme complex	4	2.4691358024691357	9.709135322327865E-4	12449, 54124, 66197, 12534	159	37	30060	20.438551759306478	0.2418278244542741	0.01152959819526434	0.010356411010483055
GOTERM_MF_DIRECT	GO:0046982~protein heterodimerization activity	9	5.555555555555555	0.0012290934401609694	11910, 83964, 12615, 18708, 19384, 208677, 20878, 50934, 69928	157	390	29205	4.292748652621264	0.38251528439140814	0.0602255785678875	0.059303758487766776
UP_SEQ_FEATURE	COMPBIAS:Polar residues	66	40.74074074074074	0.0012795995932662323	20378, 59083, 72415, 30939, 70350, 319613, 208677, 83675, 24056, 380863, 214901, 228482, 279706, 16319, 109205, 18148, 14260, 674895, 13176, 20384, 23892, 27214, 319939, 11910, 229841, 12449, 56228, 54124, 100502766, 108907, 13655, 16647, 72119, 215387, 17345, 15366, 665113, 72475, 22695, 56198, 57441, 20878, 233406, 209737, 233529, 12615, 27221, 78749, 18519, 18514, 50934, 51944, 217653, 268902, 238330, 244871, 68743, 65115, 12142, 68549, 22785, 16949, 78733, 12144, 17756, 218977	156	6709	22187	1.3991366362062443	0.5704755131507566	0.8445357315557134	0.8445357315557134
GOTERM_BP_DIRECT	GO:0007080~mitotic metaphase chromosome alignment	4	2.4691358024691357	0.0013804331655108265	229841, 268697, 52276, 100502766	157	42	29878	18.124355474673948	0.8365091328676698	0.10054154888803853	0.09885435279685864
UP_KW_CELLULAR_COMPONENT	KW-0963~Cytoplasm	60	37.03703703703704	0.0014649046077532292	72415, 14694, 268697, 72776, 30939, 19384, 67427, 94244, 246196, 66929, 83675, 22196, 18817, 104732, 16319, 12316, 19989, 66101, 76808, 18148, 14260, 19155, 75735, 406217, 319939, 229841, 12449, 100502766, 108907, 16647, 72119, 215387, 75747, 15366, 665113, 22695, 57441, 20878, 56150, 233406, 209737, 52276, 13345, 78749, 18519, 72828, 17427, 51944, 12534, 20203, 21335, 68743, 12142, 218100, 70261, 97165, 78733, 19735, 17756, 218977	145	5382	18500	1.4223657402068197	0.04302628972724942	0.0062781626046566966	0.0062781626046566966
GOTERM_BP_DIRECT	GO:0000086~G2/M transition of mitotic cell cycle	4	2.4691358024691357	0.0014783180025604314	18817, 22410, 18514, 12534	157	43	29878	17.70285883572804	0.8562254541685095	0.10200394217666976	0.1002922055421261
GOTERM_BP_DIRECT	GO:0090267~positive regulation of mitotic cell cycle spindle assembly checkpoint	3	1.8518518518518516	0.0017273853499463888	52276, 16319, 56150	157	12	29878	47.57643312101911	0.8963318523382805	0.10783819970379599	0.10602855790861405
GOTERM_BP_DIRECT	GO:0051382~kinetochore assembly	3	1.8518518518518516	0.0017273853499463888	229841, 12615, 218977	157	12	29878	47.57643312101911	0.8963318523382805	0.10783819970379599	0.10602855790861405
GOTERM_CC_DIRECT	GO:0005814~centriole	6	3.7037037037037033	0.0019414650143182671	12449, 72776, 19384, 18817, 104732, 20878	159	167	30060	6.792452830188679	0.4252702499663742	0.022132701163228245	0.019880601746619056
KEGG_PATHWAY	mmu05166:Human T-cell leukemia virus 1 infection	8	4.938271604938271	0.0022722638272666927	18708, 30939, 18519, 22695, 19384, 208677, 12237, 56150	73	247	9718	4.311685430647218	0.35681364218244227	0.1102047956224346	0.1102047956224346
GOTERM_BP_DIRECT	GO:0000226~microtubule cytoskeleton organization	6	3.7037037037037033	0.0023059178765545934	233406, 21335, 108907, 20878, 17756, 51944	157	175	29878	6.52476797088262	0.9515173446040639	0.1292114427364455	0.12704313477290485
GOTERM_BP_DIRECT	GO:0051984~positive regulation of chromosome segregation	3	1.8518518518518516	0.00236542686931708	229841, 215387, 54392	157	14	29878	40.77979981801638	0.9551641888268637	0.1292114427364455	0.12704313477290485
GOTERM_BP_DIRECT	GO:0007076~mitotic chromosome condensation	3	1.8518518518518516	0.00236542686931708	215387, 108907, 54392	157	14	29878	40.77979981801638	0.9551641888268637	0.1292114427364455	0.12704313477290485
UP_KW_PTM	KW-0832~Ubl conjugation	38	23.456790123456788	0.0023861789305027296	72119, 215387, 17345, 72415, 72776, 268697, 68612, 30939, 70350, 67427, 22695, 19384, 20878, 208677, 56431, 52276, 22196, 18817, 12237, 12534, 76808, 109205, 18148, 217653, 238330, 13176, 68743, 406217, 12142, 11910, 229841, 12449, 56228, 18708, 12144, 108907, 16647, 218977	129	2395	13016	1.6009062808499621	0.053465348656458245	0.05726829433206551	0.05726829433206551
GOTERM_CC_DIRECT	GO:0000940~outer kinetochore	3	1.8518518518518516	0.002396692954694805	229841, 268697, 18817	159	14	30060	40.512129380053906	0.4953435316295114	0.026271442003385364	0.023598207553918085
GOTERM_BP_DIRECT	GO:0045944~positive regulation of transcription by RNA polymerase II	16	9.876543209876543	0.0026296195639648745	140806, 18148, 238330, 23892, 70261, 72475, 56198, 22410, 208677, 21834, 97165, 11910, 18708, 18519, 18514, 13655	157	1264	29878	2.408933322583246	0.9683169020060419	0.137897249934318	0.13558318471802894
GOTERM_BP_DIRECT	GO:0001822~kidney development	6	3.7037037037037033	0.002795032084492423	18263, 83675, 232174, 18552, 12142, 72043	157	183	29878	6.239532212592669	0.9745086863193653	0.13835312961182758	0.13603141424076717
UP_SEQ_FEATURE	CROSSLNK:Glycyl lysine isopeptide (Lys-Gly) (interchain with G-Cter in SUMO2)	17	10.493827160493826	0.0028019341006994955	72119, 76808, 109205, 215387, 17345, 18148, 217653, 238330, 70350, 19384, 20878, 11910, 52276, 22196, 12144, 18817, 12534	156	1049	22187	2.304875216934321	0.8430569269715376	0.9246382532308335	0.9246382532308335
GOTERM_BP_DIRECT	GO:0042307~positive regulation of protein import into nucleus	4	2.4691358024691357	0.00284937795539233	18708, 70261, 19384, 12534	157	54	29878	14.096720924746403	0.9762664733890472	0.13835312961182758	0.13603141424076717
UP_KW_DOMAIN	KW-0175~Coiled coil	33	20.37037037037037	0.003035580912668128	72119, 72415, 75747, 15366, 72776, 319613, 57441, 54392, 233406, 209737, 24056, 78749, 104732, 16319, 12316, 17427, 51944, 66442, 21335, 238330, 14260, 674895, 98238, 223917, 68743, 72043, 68549, 229841, 18708, 100502766, 235611, 108907, 218977	113	2621	14793	1.648256255634376	0.0589922962628705	0.06071161825336256	0.06071161825336256
GOTERM_BP_DIRECT	GO:0006260~DNA replication	5	3.0864197530864197	0.00305769528947478	27221, 214901, 12144, 27214, 17215	157	114	29878	8.34674265281037	0.9819530691326501	0.14316566158933702	0.1407631867190354
GOTERM_MF_DIRECT	GO:0061575~cyclin-dependent protein serine/threonine kinase activator activity	3	1.8518518518518516	0.0036578017157766944	268697, 54124, 66197	157	17	29205	32.82690146122143	0.7622384669486452	0.15931758584271824	0.15687905136553376
GOTERM_BP_DIRECT	GO:0007051~spindle organization	3	1.8518518518518516	0.004369503422091276	20878, 12316, 51944	157	19	29878	30.04827355011733	0.9967883509023235	0.19753168918488492	0.19421689348536741
GOTERM_MF_DIRECT	GO:0140297~DNA-binding transcription factor binding	6	3.7037037037037033	0.0046826816026818065	18148, 18519, 57441, 18514, 97165, 16647	157	202	29205	5.52532004792836	0.8411702561252669	0.18356111882512682	0.18075150986351773
GOTERM_BP_DIRECT	GO:0060236~regulation of mitotic spindle organization	3	1.8518518518518516	0.004838435867027254	72119, 21335, 72776	157	20	29878	28.545859872611462	0.9982681839108897	0.21143964738909102	0.20789146108660436
GOTERM_BP_DIRECT	GO:0010629~negative regulation of gene expression	8	4.938271604938271	0.005188654616961862	18148, 14694, 268697, 12142, 56198, 20878, 97165, 12534	157	400	29878	3.806114649681529	0.998908317228765	0.21942987751087098	0.21574760649238192
GOTERM_BP_DIRECT	GO:0008283~cell population proliferation	7	4.320987654320987	0.00537660629987727	319939, 21335, 17345, 18263, 13345, 22410, 18514	157	304	29878	4.382039892725444	0.9991478501624328	0.22027283934809688	0.21657642251693127
GOTERM_BP_DIRECT	GO:0007275~multicellular organism development	14	8.641975308641975	0.0056413865048411125	20378, 268902, 14694, 13176, 12142, 22695, 56198, 22410, 229841, 320924, 83675, 22196, 13345, 18514	157	1111	29878	2.398092038503213	0.9993989292714418	0.22411690023777875	0.220355975901218
GOTERM_CC_DIRECT	GO:1990904~ribonucleoprotein complex	8	4.938271604938271	0.005823302166167829	76808, 18148, 14694, 66292, 27756, 67427, 22695, 19989	159	406	30060	3.7252532763267965	0.8107132571065547	0.06146818953177153	0.055213531649591266
UP_KW_PTM	KW-0597~Phosphoprotein	92	56.79012345679012	0.0065557047700087225	59083, 72415, 14694, 268697, 72776, 30939, 70350, 319613, 19384, 67427, 66929, 83675, 22196, 24056, 214901, 14732, 228482, 18817, 12237, 16319, 12316, 19989, 76808, 109205, 18148, 14260, 75735, 18263, 69219, 13176, 98238, 20384, 27214, 319939, 11910, 229841, 12449, 56228, 18708, 100502766, 108907, 17215, 50766, 16647, 72119, 215387, 17345, 244864, 15366, 68612, 72155, 665113, 72475, 22695, 22410, 57441, 20878, 56150, 233406, 209737, 12615, 56431, 52276, 27221, 78749, 14630, 72828, 50934, 17427, 12534, 66442, 17993, 21335, 217653, 268902, 238330, 18166, 244871, 68743, 218100, 27756, 70261, 68549, 22785, 97165, 78733, 12144, 71949, 235611, 19735, 17756, 218977	129	7835	13016	1.1847771132317222	0.14039097825765112	0.07866845724010467	0.07866845724010467
GOTERM_BP_DIRECT	GO:0051726~regulation of cell cycle	6	3.7037037037037033	0.007710496832891914	21335, 12449, 18148, 14694, 18519, 22410	157	233	29878	4.900576802165058	0.9999608313339042	0.29730768670356766	0.29231854169404936
GOTERM_CC_DIRECT	GO:0015935~small ribosomal subunit	3	1.8518518518518516	0.008213377761844508	18148, 14694, 67427	159	26	30060	21.81422351233672	0.9046764719353431	0.08360045221877446	0.07509373953686407
GOTERM_MF_DIRECT	GO:0005524~ATP binding	17	10.493827160493826	0.008318636312345985	17345, 18148, 674895, 75735, 68612, 665113, 20878, 209737, 229841, 56228, 22196, 100502766, 214901, 12144, 18817, 17215, 12534	157	1538	29205	2.056127984892283	0.9621658924836092	0.2964459485854205	0.29190851059686823
UP_KW_BIOLOGICAL_PROCESS	KW-0235~DNA replication	5	3.0864197530864197	0.008491115673772719	27221, 214901, 12144, 27214, 17215	99	92	11227	6.163263065436978	0.4255137335392718	0.11038450375904535	0.11038450375904535
GOTERM_BP_DIRECT	GO:0042104~positive regulation of activated T cell proliferation	3	1.8518518518518516	0.008727376316202422	12484, 16008, 14732	157	27	29878	21.145081387119603	0.999989786603209	0.3258167627107528	0.3203492045264381
GOTERM_BP_DIRECT	GO:0009954~proximal/distal pattern formation	3	1.8518518518518516	0.009366746109351693	232174, 23892, 18514	157	28	29878	20.38989990900819	0.9999956165598605	0.3258167627107528	0.3203492045264381
GOTERM_BP_DIRECT	GO:0009887~animal organ morphogenesis	5	3.0864197530864197	0.00940119929004086	23892, 57441, 22410, 18514, 21834	157	157	29878	6.0606921173272745	0.9999958119390572	0.3258167627107528	0.3203492045264381
GOTERM_BP_DIRECT	GO:0007420~brain development	6	3.7037037037037033	0.00944396413654356	17993, 268902, 76574, 18514, 20315, 12316	157	245	29878	4.660548550630444	0.9999960423918847	0.3258167627107528	0.3203492045264381
GOTERM_MF_DIRECT	GO:0048018~receptor ligand activity	4	2.4691358024691357	0.011070995276893338	18155, 23892, 320701, 12424	157	86	29205	8.652051547918829	0.987273031843565	0.3178525549281033	0.3129874648016528
GOTERM_CC_DIRECT	GO:0032991~protein-containing complex	12	7.4074074074074066	0.011274174515766181	66929, 18148, 18708, 52276, 27221, 12144, 72475, 18519, 19384, 16319, 17756, 97165	159	942	30060	2.4083643792813363	0.9604974394530051	0.11079792196528833	0.09952374744952215
GOTERM_MF_DIRECT	GO:0003682~chromatin binding	9	5.555555555555555	0.011339163277402097	215387, 18148, 13345, 18519, 57441, 66197, 21834, 12534, 69928	157	566	29205	2.957901015057055	0.9885566346646595	0.3178525549281033	0.3129874648016528
GOTERM_MF_DIRECT	GO:0000166~nucleotide binding	18	11.11111111111111	0.011351876961717976	68895, 17345, 674895, 75735, 68612, 665113, 19384, 20878, 209737, 229841, 56228, 22196, 214901, 12144, 18817, 14537, 17215, 12534	157	1732	29205	1.9332239890557656	0.9886141750207569	0.3178525549281033	0.3129874648016528
GOTERM_BP_DIRECT	GO:0044344~cellular response to fibroblast growth factor stimulus	3	1.8518518518518516	0.011405510160021616	14630, 22695, 13655	157	31	29878	18.41668378878159	0.9999997056654945	0.3809015142486541	0.37450957426889026
GOTERM_BP_DIRECT	GO:0051321~meiotic cell cycle	6	3.7037037037037033	0.011621709054116067	17345, 68549, 94244, 12237, 20878, 17427	157	258	29878	4.42571470893201	0.9999997790406491	0.3809015142486541	0.37450957426889026
GOTERM_CC_DIRECT	GO:0016604~nuclear body	7	4.320987654320987	0.012322414418708091	17345, 22196, 24056, 27214, 68549, 21834, 16319	159	361	30060	3.665917524695552	0.9708034576489092	0.11706293697772686	0.10515126970630904
GOTERM_BP_DIRECT	GO:0000079~regulation of cyclin-dependent protein serine/threonine kinase activity	3	1.8518518518518516	0.012862992170970028	12449, 268697, 12144	157	33	29878	17.30052113491604	0.9999999574581966	0.4113020179546758	0.4043999245946431
UP_SEQ_FEATURE	REGION:Required for interaction with SENP3	2	1.2345679012345678	0.01392365332203067	18148, 52276	156	2	22187	142.22435897435898	0.9999042900028647	1.0	1.0
UP_SEQ_FEATURE	DOMAIN:Hyaluronan-mediated motility receptor C-terminal	2	1.2345679012345678	0.01392365332203067	209737, 15366	156	2	22187	142.22435897435898	0.9999042900028647	1.0	1.0
INTERPRO	IPR031794:HMMR_C	2	1.2345679012345678	0.014224121697287258	209737, 15366	159	2	22137	139.22641509433961	0.9993383116482732	1.0	1.0
GOTERM_MF_DIRECT	GO:0016740~transferase activity	18	11.11111111111111	0.014830152679032184	238330, 674895, 75735, 68612, 12142, 22022, 665113, 20878, 77590, 56228, 22196, 14732, 71949, 18519, 18817, 54326, 14537, 12534	157	1784	29205	1.8768744108994317	0.9971400690216625	0.3875613233453744	0.38162926227376154
GOTERM_BP_DIRECT	GO:0030071~regulation of mitotic metaphase/anaphase transition	3	1.8518518518518516	0.015192274123857001	229841, 68612, 18817	157	36	29878	15.8588110403397	0.9999999980780282	0.4663077283068034	0.4584825795480318
GOTERM_BP_DIRECT	GO:1902850~microtubule cytoskeleton organization involved in mitosis	2	1.2345679012345678	0.01558257638306701	21335, 12534	157	3	29878	126.87048832271763	0.9999999988569858	0.4663077283068034	0.4584825795480318
GOTERM_CC_DIRECT	GO:0097125~cyclin B1-CDK1 complex	2	1.2345679012345678	0.015686245906578383	268697, 12534	159	3	30060	126.03773584905662	0.9889576172847427	0.14421226075402707	0.12953803071238923
GOTERM_BP_DIRECT	GO:0000122~negative regulation of transcription by RNA polymerase II	12	7.4074074074074066	0.01581074193302576	11910, 238330, 22196, 12142, 13345, 18519, 22695, 18817, 56198, 22410, 21834, 97165	157	997	29878	2.2905404110420435	0.9999999991565262	0.4663077283068034	0.4584825795480318
GOTERM_BP_DIRECT	GO:0007140~male meiotic nuclear division	3	1.8518518518518516	0.016005986097487532	232174, 214901, 68549	157	37	29878	15.430194525735926	0.9999999993497051	0.4663077283068034	0.4584825795480318
GOTERM_CC_DIRECT	GO:0045171~intercellular bridge	4	2.4691358024691357	0.017182184450230644	72119, 233406, 229841, 52276	159	103	30060	7.3420040300421325	0.9928416851397761	0.15302883025986666	0.13745747560184515
GOTERM_MF_DIRECT	GO:0000976~transcription cis-regulatory region binding	6	3.7037037037037033	0.017490006273295625	11910, 12142, 70350, 208677, 18514, 97165	157	280	29205	3.9861237488626022	0.9990089517284763	0.4285051536957428	0.42194640134325695
GOTERM_BP_DIRECT	GO:0008285~negative regulation of cell population proliferation	7	4.320987654320987	0.017661997118147057	20378, 18148, 69219, 30939, 13345, 18519, 20315	157	394	29878	3.3810663131688705	0.999999999928534	0.4769984641649711	0.46899391327890744
GOTERM_BP_DIRECT	GO:0032465~regulation of cytokinesis	3	1.8518518518518516	0.017688060927315227	233406, 18817, 20878	157	39	29878	14.63890249877511	0.9999999999309771	0.4769984641649711	0.46899391327890744
GOTERM_BP_DIRECT	GO:0043542~endothelial cell migration	3	1.8518518518518516	0.01855600432678377	319939, 320924, 23892	157	40	29878	14.272929936305731	0.9999999999783379	0.4769984641649711	0.46899391327890744
GOTERM_BP_DIRECT	GO:0001578~microtubule bundle formation	3	1.8518518518518516	0.01855600432678377	233406, 18817, 17756	157	40	29878	14.272929936305731	0.9999999999783379	0.4769984641649711	0.46899391327890744
GOTERM_BP_DIRECT	GO:0035904~aorta development	3	1.8518518518518516	0.01855600432678377	268902, 16949, 12142	157	40	29878	14.272929936305731	0.9999999999783379	0.4769984641649711	0.46899391327890744
GOTERM_BP_DIRECT	GO:0045931~positive regulation of mitotic cell cycle	3	1.8518518518518516	0.01855600432678377	268697, 20878, 12534	157	40	29878	14.272929936305731	0.9999999999783379	0.4769984641649711	0.46899391327890744
GOTERM_CC_DIRECT	GO:0000793~condensed chromosome	3	1.8518518518518516	0.018789975833069607	17345, 54392, 97165	159	40	30060	14.179245283018867	0.9955108588183599	0.1622770640128739	0.14576466100805513
GOTERM_BP_DIRECT	GO:0007095~mitotic G2 DNA damage checkpoint signaling	3	1.8518518518518516	0.01944160818896618	12144, 18817, 12534	157	41	29878	13.924809693956812	0.9999999999933671	0.4901528526102819	0.481927556838027
GOTERM_CC_DIRECT	GO:0000785~chromatin	8	4.938271604938271	0.019856020826671754	66929, 27221, 70350, 18519, 19384, 18817, 97165, 69928	159	517	30060	2.925440677347542	0.9967068251079055	0.16514536631794605	0.1483411009733129
UP_KW_CELLULAR_COMPONENT	KW-0964~Secreted	23	14.19753086419753	0.020100756531388063	20203, 140806, 20378, 59083, 18830, 14590, 18155, 239852, 71564, 18552, 23892, 72043, 22410, 97165, 54381, 20315, 83964, 16949, 320924, 16008, 320701, 85031, 12424	145	1783	18500	1.6458119790357204	0.4561956576981412	0.07537783699270524	0.07537783699270524
GOTERM_BP_DIRECT	GO:0000132~establishment of mitotic spindle orientation	3	1.8518518518518516	0.02034466694031971	12615, 18817, 56150	157	42	29878	13.593266606005459	0.999999999998018	0.5031075457935356	0.4946648562378851
GOTERM_CC_DIRECT	GO:0005876~spindle microtubule	3	1.8518518518518516	0.020600250973216792	18817, 20878, 12534	159	42	30060	13.504043126684635	0.9973478584951593	0.16514536631794605	0.1483411009733129
GOTERM_BP_DIRECT	GO:1901970~positive regulation of mitotic sister chromatid separation	2	1.2345679012345678	0.020722965272960275	52276, 16319	157	4	29878	95.15286624203821	0.9999999999988055	0.5031075457935356	0.4946648562378851
GOTERM_CC_DIRECT	GO:0033597~mitotic checkpoint complex	2	1.2345679012345678	0.02086046732437213	12237, 56150	159	4	30060	94.52830188679246	0.9975412924521664	0.16514536631794605	0.1483411009733129
INTERPRO	IPR038889:Shugoshin1/2	2	1.2345679012345678	0.02126060639459312	72415, 68549	159	3	22137	92.8176100628931	0.9999829834261652	1.0	1.0
GOTERM_BP_DIRECT	GO:0090263~positive regulation of canonical Wnt signaling pathway	4	2.4691358024691357	0.02152736504698082	72043, 22410, 242083, 12316	157	113	29878	6.736486105631025	0.9999999999995932	0.5131341013925792	0.5045231553737869
GOTERM_BP_DIRECT	GO:0007098~centrosome cycle	3	1.8518518518518516	0.022202334996368752	18148, 18817, 20878	157	44	29878	12.97539085118703	0.9999999999998354	0.5148274753890779	0.5061881127204587
GOTERM_BP_DIRECT	GO:0043066~negative regulation of apoptotic process	9	5.555555555555555	0.022415115396001016	18148, 18708, 13345, 23892, 18817, 20878, 13655, 56150, 12534	157	657	29878	2.606927842247622	0.9999999999998762	0.5148274753890779	0.5061881127204587
GOTERM_BP_DIRECT	GO:0045892~negative regulation of DNA-templated transcription	9	5.555555555555555	0.02313623936053779	11910, 22196, 13345, 23892, 70350, 57441, 56198, 21834, 97165	157	661	29878	2.5911521820827352	0.9999999999999529	0.5148274753890779	0.5061881127204587
GOTERM_BP_DIRECT	GO:0006606~protein import into nucleus	4	2.4691358024691357	0.023561898187143153	18708, 19384, 279706, 16647	157	117	29878	6.506178888344494	0.9999999999999735	0.5148274753890779	0.5061881127204587
GOTERM_BP_DIRECT	GO:0009611~response to wounding	4	2.4691358024691357	0.023561898187143153	20384, 22695, 72043, 20878	157	117	29878	6.506178888344494	0.9999999999999735	0.5148274753890779	0.5061881127204587
GOTERM_CC_DIRECT	GO:0097431~mitotic spindle pole	3	1.8518518518518516	0.025427318525856914	18817, 20878, 12316	159	47	30060	12.06744279405861	0.9993512811550637	0.19585907513160056	0.17592955520592893
GOTERM_BP_DIRECT	GO:0007057~spindle assembly involved in female meiosis I	2	1.2345679012345678	0.02583668346864477	229841, 20878	157	5	29878	76.12229299363057	0.9999999999999988	0.5376490797998936	0.5286267458902081
GOTERM_BP_DIRECT	GO:1905448~positive regulation of mitochondrial ATP synthesis coupled electron transport	2	1.2345679012345678	0.02583668346864477	268697, 12534	157	5	29878	76.12229299363057	0.9999999999999988	0.5376490797998936	0.5286267458902081
GOTERM_BP_DIRECT	GO:0051987~positive regulation of attachment of spindle microtubules to kinetochore	2	1.2345679012345678	0.02583668346864477	229841, 268697	157	5	29878	76.12229299363057	0.9999999999999988	0.5376490797998936	0.5286267458902081
GOTERM_BP_DIRECT	GO:0006357~regulation of transcription by RNA polymerase II	15	9.25925925925926	0.026447916612200993	238330, 12142, 218100, 22695, 56198, 22410, 208677, 21834, 97165, 11910, 13345, 18519, 18514, 66197, 13655	157	1506	29878	1.8954754231481719	0.9999999999999994	0.5417690418530547	0.5326775705176107
GOTERM_CC_DIRECT	GO:0098978~glutamatergic synapse	10	6.172839506172839	0.027405408446739367	21335, 268902, 56431, 22196, 18166, 665113, 320701, 20878, 17756, 16647	159	808	30060	2.3398094526433777	0.9996364389863756	0.20554056335054524	0.18462590953592836
GOTERM_MF_DIRECT	GO:0016787~hydrolase activity	16	9.876543209876543	0.028060882344246876	68895, 14590, 69219, 19155, 244871, 18552, 72043, 19384, 54381, 319939, 56464, 12144, 85031, 17215, 242083, 72828	157	1628	29205	1.8281976243759683	0.9999857271033017	0.647050934055575	0.6371470932281939
GOTERM_CC_DIRECT	GO:0014069~postsynaptic density	6	3.7037037037037033	0.028205333374436554	21335, 76808, 20878, 17756, 19989, 16647	159	323	30060	3.5118873765991006	0.9997124352115927	0.20611589773626712	0.1851427011245066
INTERPRO	IPR036858:Cyclin-dep_kinase_reg-sub_sf	2	1.2345679012345678	0.028247180180499945	54124, 66197	159	4	22137	69.61320754716981	0.9999995624590832	1.0	1.0
INTERPRO	IPR000789:Cyclin-dep_kinase_reg-sub	2	1.2345679012345678	0.028247180180499945	54124, 66197	159	4	22137	69.61320754716981	0.9999995624590832	1.0	1.0
SMART	SM01084:CKS	2	1.2345679012345678	0.029999665939381855	54124, 66197	84	4	10943	65.13690476190476	0.9478958000360642	1.0	1.0
GOTERM_MF_DIRECT	GO:0003777~microtubule motor activity	3	1.8518518518518516	0.03047051055679849	229841, 209737, 100502766	157	51	29205	10.94230048707381	0.999994605873801	0.6635800076813894	0.653423170829123
GOTERM_BP_DIRECT	GO:0065003~protein-containing complex assembly	4	2.4691358024691357	0.030870061530577347	268697, 72475, 57441, 12534	157	130	29878	5.855560999510044	1.0	0.579159879393877	0.5694409493048874
GOTERM_CC_DIRECT	GO:0005840~ribosome	5	3.0864197530864197	0.030871539703736198	76808, 14694, 66292, 67427, 19989	159	224	30060	4.220013477088949	0.9998685731566057	0.2199597203891204	0.19757785410391168
GOTERM_BP_DIRECT	GO:0006335~DNA replication-dependent chromatin assembly	2	1.2345679012345678	0.030923868464966735	66929, 27221	157	6	29878	63.43524416135882	1.0	0.579159879393877	0.5694409493048874
GOTERM_BP_DIRECT	GO:0045132~meiotic chromosome segregation	2	1.2345679012345678	0.030923868464966735	215387, 72415	157	6	29878	63.43524416135882	1.0	0.579159879393877	0.5694409493048874
GOTERM_BP_DIRECT	GO:1903490~positive regulation of mitotic cytokinesis	2	1.2345679012345678	0.030923868464966735	52276, 16319	157	6	29878	63.43524416135882	1.0	0.579159879393877	0.5694409493048874
GOTERM_BP_DIRECT	GO:0000910~cytokinesis	2	1.2345679012345678	0.030923868464966735	233406, 56431	157	6	29878	63.43524416135882	1.0	0.579159879393877	0.5694409493048874
GOTERM_BP_DIRECT	GO:0045143~homologous chromosome segregation	2	1.2345679012345678	0.030923868464966735	30939, 18817	157	6	29878	63.43524416135882	1.0	0.579159879393877	0.5694409493048874
GOTERM_BP_DIRECT	GO:0048706~embryonic skeletal system development	3	1.8518518518518516	0.03137316122611421	18552, 72043, 18514	157	53	29878	10.772022593438288	1.0	0.5792987939075455	0.5695775326825523
GOTERM_BP_DIRECT	GO:0051276~chromosome organization	3	1.8518518518518516	0.03358222606804252	52276, 30939, 12144	157	55	29878	10.380312680949624	1.0	0.6114763663222742	0.6012151305792613
GOTERM_MF_DIRECT	GO:0017124~SH3 domain binding	4	2.4691358024691357	0.03386749136124985	14260, 24056, 30939, 50795	157	132	29205	5.6369426751592355	0.9999986373488977	0.6675535816887406	0.6573359248261578
GOTERM_MF_DIRECT	GO:0019904~protein domain specific binding	6	3.7037037037037033	0.03405885620860921	21335, 18708, 13345, 70350, 19384, 97165	157	334	29205	3.341660627789008	0.9999987391579369	0.6675535816887406	0.6573359248261578
UP_SEQ_FEATURE	ACT_SITE:Nucleophile	7	4.320987654320987	0.03451661537838459	72535, 14590, 69219, 72043, 85031, 14537, 54381	156	345	22187	2.8857116313638054	0.9999999999145778	1.0	1.0
GOTERM_BP_DIRECT	GO:0000056~ribosomal small subunit export from nucleus	2	1.2345679012345678	0.035984657048908186	18148, 19384	157	7	29878	54.37306642402184	1.0	0.6207353340936662	0.6103187228426664
GOTERM_BP_DIRECT	GO:0051177~meiotic sister chromatid cohesion	2	1.2345679012345678	0.035984657048908186	72415, 68549	157	7	29878	54.37306642402184	1.0	0.6207353340936662	0.6103187228426664
GOTERM_BP_DIRECT	GO:0099538~synaptic signaling via neuropeptide	2	1.2345679012345678	0.035984657048908186	18166, 12424	157	7	29878	54.37306642402184	1.0	0.6207353340936662	0.6103187228426664
GOTERM_BP_DIRECT	GO:0000055~ribosomal large subunit export from nucleus	2	1.2345679012345678	0.035984657048908186	18148, 19384	157	7	29878	54.37306642402184	1.0	0.6207353340936662	0.6103187228426664
GOTERM_BP_DIRECT	GO:0060173~limb development	3	1.8518518518518516	0.03700595221059578	14260, 23892, 18519	157	58	29878	9.843399956072918	1.0	0.6300623811440398	0.6194892519410125
GOTERM_CC_DIRECT	GO:0048471~perinuclear region of cytoplasm	10	6.172839506172839	0.037956069982784946	20203, 12449, 18708, 14694, 18263, 665113, 20878, 17215, 97165, 56150	159	858	30060	2.2034569204380525	0.9999837614377287	0.2638409742705783	0.2369939979412914
GOTERM_BP_DIRECT	GO:0048144~fibroblast proliferation	3	1.8518518518518516	0.03935974798220705	54124, 66197, 12534	157	60	29878	9.51528662420382	1.0	0.6615465333932493	0.6504450660136525
GOTERM_BP_DIRECT	GO:0050890~cognition	3	1.8518518518518516	0.04055750621177753	109205, 17993, 76574	157	61	29878	9.359298318889005	1.0	0.6639031102833276	0.6527620969910063
GOTERM_BP_DIRECT	GO:0046641~positive regulation of alpha-beta T cell proliferation	2	1.2345679012345678	0.041019185303546556	12484, 12144	157	8	29878	47.57643312101911	1.0	0.6639031102833276	0.6527620969910063
GOTERM_BP_DIRECT	GO:1905821~positive regulation of chromosome condensation	2	1.2345679012345678	0.041019185303546556	215387, 54392	157	8	29878	47.57643312101911	1.0	0.6639031102833276	0.6527620969910063
UP_SEQ_FEATURE	DOMAIN:UBC core	3	1.8518518518518516	0.04107742280757219	56228, 22196, 68612	156	46	22187	9.275501672240804	0.9999999999990513	1.0	1.0
UP_SEQ_FEATURE	DOMAIN:Kinesin motor	3	1.8518518518518516	0.04107742280757219	229841, 209737, 100502766	156	46	22187	9.275501672240804	0.9999999999990513	1.0	1.0
GOTERM_CC_DIRECT	GO:0000796~condensin complex	2	1.2345679012345678	0.04128847253099139	215387, 54392	159	8	30060	47.26415094339623	0.9999939596019687	0.28017177788887015	0.25166307066509036
GOTERM_MF_DIRECT	GO:0042826~histone deacetylase binding	4	2.4691358024691357	0.04137528630588869	406217, 18519, 57441, 16647	157	143	29205	5.203331700146987	0.9999999359882855	0.7484434363820142	0.736987669498616
BIOCARTA	m_g2Pathway:Cell Cycle: G2/M Checkpoint	3	1.8518518518518516	0.042578998562461765	268697, 18817, 12534	19	24	1286	8.460526315789473	0.9649306976991071	1.0	1.0
GOTERM_BP_DIRECT	GO:0001764~neuron migration	4	2.4691358024691357	0.04269467913276702	13176, 20315, 12316, 12424	157	148	29878	5.143398175245309	1.0	0.6825941993055801	0.6711395292943498
INTERPRO	IPR000608:UBQ-conjugat_E2	3	1.8518518518518516	0.04269543222919871	56228, 22196, 68612	159	46	22137	9.079983593109105	0.9999999997926915	1.0	1.0
INTERPRO	IPR001752:Kinesin_motor_dom	3	1.8518518518518516	0.04269543222919871	229841, 209737, 100502766	159	46	22137	9.079983593109105	0.9999999997926915	1.0	1.0
GOTERM_MF_DIRECT	GO:0003713~transcription coactivator activity	5	3.0864197530864197	0.04279204768157457	18148, 13176, 72475, 18519, 97165	157	245	29205	3.796308332250097	0.9999999641516794	0.7484434363820142	0.736987669498616
GOTERM_BP_DIRECT	GO:0030326~embryonic limb morphogenesis	3	1.8518518518518516	0.044232128519996375	232174, 23892, 18514	157	64	29878	8.920581210191083	1.0	0.6935881457283399	0.6819489853881237
KEGG_PATHWAY	mmu04360:Axon guidance	5	3.0864197530864197	0.045015232377456534	268902, 18708, 13176, 235611, 20315	73	181	9718	3.6774388859456595	0.9998683835332791	1.0	1.0
UP_SEQ_FEATURE	COMPBIAS:Basic residues	10	6.172839506172839	0.04523475962079001	268902, 72415, 20384, 52276, 65115, 12144, 50795, 72043, 108907, 20315	156	668	22187	2.1291071702748345	0.999999999999946	1.0	1.0
UP_KW_LIGAND	KW-0067~ATP-binding	16	9.876543209876543	0.04545493778323182	17345, 674895, 75735, 68612, 665113, 20878, 209737, 229841, 56228, 22196, 100502766, 214901, 12144, 18817, 17215, 12534	47	1420	6741	1.616062331435421	0.5465395632262358	0.47074808849341565	0.47074808849341565
GOTERM_BP_DIRECT	GO:0014823~response to activity	3	1.8518518518518516	0.04548354519957799	14732, 14630, 12534	157	65	29878	8.783341499265067	1.0	0.6935881457283399	0.6819489853881237
GOTERM_BP_DIRECT	GO:0000054~ribosomal subunit export from nucleus	2	1.2345679012345678	0.04602758861812782	18148, 19384	157	9	29878	42.29016277423921	1.0	0.6935881457283399	0.6819489853881237
GOTERM_BP_DIRECT	GO:0034080~CENP-A containing chromatin assembly	2	1.2345679012345678	0.04602758861812782	12615, 72155	157	9	29878	42.29016277423921	1.0	0.6935881457283399	0.6819489853881237
GOTERM_BP_DIRECT	GO:0051983~regulation of chromosome segregation	2	1.2345679012345678	0.04602758861812782	17345, 12237	157	9	29878	42.29016277423921	1.0	0.6935881457283399	0.6819489853881237
GOTERM_MF_DIRECT	GO:0015187~glycine transmembrane transporter activity	2	1.2345679012345678	0.04706581135365669	209837, 50934	157	9	29205	41.33757961783439	0.9999999937961664	0.7484434363820142	0.736987669498616
GOTERM_MF_DIRECT	GO:0061676~importin-alpha family protein binding	2	1.2345679012345678	0.04706581135365669	72119, 19384	157	9	29205	41.33757961783439	0.9999999937961664	0.7484434363820142	0.736987669498616
UP_KW_MOLECULAR_FUNCTION	KW-0687~Ribonucleoprotein	7	4.320987654320987	0.04732264458096262	76808, 14694, 66292, 27756, 67427, 22695, 19989	102	317	12229	2.647460877095318	0.9337833545870953	0.9306668435495483	0.9306668435495483
SMART	SM00129:KISc	3	1.8518518518518516	0.047445929343124804	229841, 209737, 100502766	84	46	10943	8.496118012422361	0.9910402721860853	1.0	1.0
SMART	SM00212:UBCc	3	1.8518518518518516	0.047445929343124804	56228, 22196, 68612	84	46	10943	8.496118012422361	0.9910402721860853	1.0	1.0
GOTERM_MF_DIRECT	GO:0042802~identical protein binding	18	11.11111111111111	0.04773236201415907	20203, 268902, 18148, 13176, 94244, 208677, 21834, 56150, 233406, 11910, 83964, 27221, 12959, 12144, 18817, 72828, 17427, 19989	157	2053	29205	1.630951753066043	0.999999995284389	0.7484434363820142	0.736987669498616
GOTERM_BP_DIRECT	GO:0001934~positive regulation of protein phosphorylation	5	3.0864197530864197	0.0478216033684896	18708, 14694, 52276, 665113, 16319	157	260	29878	3.6597256246937775	1.0	0.712433204728294	0.7004778038861715
GOTERM_BP_DIRECT	GO:1905820~positive regulation of chromosome separation	2	1.2345679012345678	0.05101000169731657	215387, 54392	157	10	29878	38.06114649681528	1.0	0.7513945193840676	0.7387853054813602
GOTERM_MF_DIRECT	GO:0010997~anaphase-promoting complex binding	2	1.2345679012345678	0.05215752711720709	12449, 18817	157	10	29205	37.20382165605096	0.999999999240414	0.7863750242286608	0.7743386718169977
GOTERM_CC_DIRECT	GO:0019005~SCF ubiquitin ligase complex	3	1.8518518518518516	0.0538928770233773	12449, 54124, 66197	159	71	30060	7.988307201700771	0.9999998610082668	0.35719697562005887	0.320850616697316
GOTERM_BP_DIRECT	GO:0045668~negative regulation of osteoblast differentiation	3	1.8518518518518516	0.0545978295187918	13345, 23892, 50766	157	72	29878	7.92940552016985	1.0	0.7867388323048414	0.7735365025483909
GOTERM_BP_DIRECT	GO:0030335~positive regulation of cell migration	5	3.0864197530864197	0.05460963671986313	18708, 14694, 22196, 13345, 20315	157	272	29878	3.498267141251405	1.0	0.7867388323048414	0.7735365025483909
UP_KW_LIGAND	KW-0547~Nucleotide-binding	19	11.728395061728394	0.0553821280580489	68895, 17345, 674895, 75735, 68612, 665113, 19384, 20878, 209737, 229841, 56228, 22196, 100502766, 214901, 12144, 18817, 14537, 17215, 12534	47	1846	6741	1.4762107835227405	0.6203751029883537	0.47074808849341565	0.47074808849341565
GOTERM_BP_DIRECT	GO:0033622~integrin activation	2	1.2345679012345678	0.05596655854027491	12484, 20315	157	11	29878	34.601042269832085	1.0	0.7889479381322625	0.7757085371872511
GOTERM_BP_DIRECT	GO:0033625~positive regulation of integrin activation	2	1.2345679012345678	0.05596655854027491	12484, 18552	157	11	29878	34.601042269832085	1.0	0.7889479381322625	0.7757085371872511
GOTERM_MF_DIRECT	GO:0003700~DNA-binding transcription factor activity	8	4.938271604938271	0.05700397933036762	11910, 218100, 12142, 13345, 56198, 208677, 18514, 21834	157	641	29205	2.3216113357910113	0.9999999998981725	0.8276133295371891	0.8149457785748851
UP_SEQ_FEATURE	SITE:Transition state stabilizer	3	1.8518518518518516	0.06029542306767519	72535, 19155, 22022	156	57	22187	7.4854925775978405	1.0	1.0	1.0
GOTERM_BP_DIRECT	GO:0071374~cellular response to parathyroid hormone stimulus	2	1.2345679012345678	0.06089739246351013	18519, 22410	157	12	29878	31.71762208067941	1.0	0.8064291062592098	0.7928963523784299
GOTERM_BP_DIRECT	GO:0051901~positive regulation of mitochondrial depolarization	2	1.2345679012345678	0.06089739246351013	14694, 12424	157	12	29878	31.71762208067941	1.0	0.8064291062592098	0.7928963523784299
GOTERM_BP_DIRECT	GO:0015816~glycine transport	2	1.2345679012345678	0.06089739246351013	209837, 50934	157	12	29878	31.71762208067941	1.0	0.8064291062592098	0.7928963523784299
GOTERM_BP_DIRECT	GO:0045842~positive regulation of mitotic metaphase/anaphase transition	2	1.2345679012345678	0.06089739246351013	229841, 68612	157	12	29878	31.71762208067941	1.0	0.8064291062592098	0.7928963523784299
GOTERM_BP_DIRECT	GO:0034501~protein localization to kinetochore	2	1.2345679012345678	0.06089739246351013	12237, 12534	157	12	29878	31.71762208067941	1.0	0.8064291062592098	0.7928963523784299
GOTERM_BP_DIRECT	GO:0072112~podocyte differentiation	2	1.2345679012345678	0.06089739246351013	12484, 70350	157	12	29878	31.71762208067941	1.0	0.8064291062592098	0.7928963523784299
GOTERM_MF_DIRECT	GO:0050786~RAGE receptor binding	2	1.2345679012345678	0.062260003524336215	20203, 97165	157	12	29205	31.003184713375795	0.9999999999886154	0.871640049340707	0.8582986200140635
GOTERM_MF_DIRECT	GO:0016301~kinase activity	8	4.938271604938271	0.06453071333933527	18708, 674895, 75735, 665113, 18817, 20878, 66197, 12534	157	660	29205	2.254777070063694	0.9999999999955987	0.8722772285868768	0.8589260465166695
GOTERM_CC_DIRECT	GO:0005815~microtubule organizing center	3	1.8518518518518516	0.06504637333449957	100502766, 20878, 51944	159	79	30060	7.179364700262718	0.9999999952666337	0.41944960419085975	0.37676876727319336
GOTERM_BP_DIRECT	GO:0007018~microtubule-based movement	3	1.8518518518518516	0.06572187432970343	229841, 209737, 100502766	157	80	29878	7.136464968152866	1.0	0.8457574112847503	0.8315646858474776
GOTERM_BP_DIRECT	GO:0007143~female meiotic nuclear division	2	1.2345679012345678	0.06580263611826433	215387, 68549	157	13	29878	29.277804997550223	1.0	0.8457574112847503	0.8315646858474776
GOTERM_BP_DIRECT	GO:0033689~negative regulation of osteoblast proliferation	2	1.2345679012345678	0.06580263611826433	23892, 235611	157	13	29878	29.277804997550223	1.0	0.8457574112847503	0.8315646858474776
GOTERM_CC_DIRECT	GO:1990635~proximal dendrite	2	1.2345679012345678	0.06622888487224102	18552, 17756	159	13	30060	29.085631349782297	0.9999999966999226	0.41944960419085975	0.37676876727319336
GOTERM_BP_DIRECT	GO:0045665~negative regulation of neuron differentiation	3	1.8518518518518516	0.06716172035829357	12484, 18514, 12316	157	81	29878	7.048360462373201	1.0	0.8479014558122228	0.833672750985473
GOTERM_BP_DIRECT	GO:0016310~phosphorylation	8	4.938271604938271	0.0681364562595486	18708, 674895, 75735, 665113, 18817, 20878, 66197, 12534	157	684	29878	2.225798040749432	1.0	0.8479014558122228	0.833672750985473
GOTERM_BP_DIRECT	GO:0001938~positive regulation of endothelial cell proliferation	3	1.8518518518518516	0.06861202988259382	13655, 20315, 97165	157	82	29878	6.962404846978406	1.0	0.8479014558122228	0.833672750985473
GOTERM_BP_DIRECT	GO:0032436~positive regulation of proteasomal ubiquitin-dependent protein catabolic process	3	1.8518518518518516	0.06861202988259382	14694, 18817, 20878	157	82	29878	6.962404846978406	1.0	0.8479014558122228	0.833672750985473
GOTERM_CC_DIRECT	GO:0009986~cell surface	9	5.555555555555555	0.06889399241323754	83964, 268902, 244864, 15366, 13176, 12484, 239852, 23892, 72043	159	821	30060	2.0724840852159123	0.9999999985386586	0.4268432138646239	0.3834100447345394
GOTERM_BP_DIRECT	GO:0007283~spermatogenesis	7	4.320987654320987	0.06920324620282825	83964, 232174, 94244, 19735, 12316, 97165, 17427	157	550	29878	2.4220729588882453	1.0	0.8479014558122228	0.833672750985473
INTERPRO	IPR027417:P-loop_NTPase	12	7.4074074074074066	0.06978574040630578	229841, 209737, 68895, 100502766, 22022, 214901, 12144, 19384, 57441, 77590, 17215, 12316	159	930	22137	1.7964698721850274	0.9999999999999999	1.0	1.0
INTERPRO	IPR016135:UBQ-conjugating_enzyme/RWD	3	1.8518518518518516	0.07048711454719504	56228, 22196, 68612	159	61	22137	6.847200742344571	0.9999999999999999	1.0	1.0
GOTERM_BP_DIRECT	GO:0051310~metaphase chromosome alignment	2	1.2345679012345678	0.0706824214409806	229841, 16319	157	14	29878	27.18653321201092	1.0	0.8501344450378491	0.8358682682332476
GOTERM_BP_DIRECT	GO:0089718~amino acid import across plasma membrane	2	1.2345679012345678	0.0706824214409806	209837, 50934	157	14	29878	27.18653321201092	1.0	0.8501344450378491	0.8358682682332476
UP_KW_MOLECULAR_FUNCTION	KW-0238~DNA-binding	21	12.962962962962962	0.0717233124498758	17345, 18148, 217653, 12142, 218100, 72475, 22695, 56198, 208677, 21834, 97165, 69928, 11910, 12615, 13345, 214901, 12144, 108907, 17215, 18514, 13655	102	1729	12229	1.4561800428673493	0.9845140855451524	0.9306668435495483	0.9306668435495483
GOTERM_BP_DIRECT	GO:0007281~germ cell development	3	1.8518518518518516	0.07302427683889479	12142, 214901, 20315	157	85	29878	6.716672911202697	1.0	0.8703166085071915	0.8557117531394126
GOTERM_MF_DIRECT	GO:0042393~histone binding	4	2.4691358024691357	0.0757299986877848	66929, 18148, 54124, 66197	157	183	29205	4.065991437819777	0.9999999999999608	0.9675368188830653	0.952727581859345
UP_KW_DOMAIN	KW-0729~SH3-binding	3	1.8518518518518516	0.07574092569596874	24056, 30939, 50795	113	60	14793	6.545575221238939	0.793045696037843	0.7574092569596874	0.7574092569596874
INTERPRO	IPR048258:Cyclins_cyclin-box	2	1.2345679012345678	0.07578493302068226	12449, 268697	159	11	22137	25.313893653516296	1.0	1.0	1.0
UP_SEQ_FEATURE	CROSSLNK:Glycyl lysine isopeptide (Lys-Gly) (interchain with G-Cter in SUMO2); alternate	6	3.7037037037037033	0.07582622791600835	17345, 18148, 22196, 12142, 19384, 12534	156	322	22187	2.650143334925944	1.0	1.0	1.0
GOTERM_BP_DIRECT	GO:0010976~positive regulation of neuron projection development	4	2.4691358024691357	0.0758752783599895	13176, 12484, 18519, 19735	157	188	29878	4.049058137959073	1.0	0.8961485579274435	0.881110214468707
GOTERM_CC_DIRECT	GO:0045120~pronucleus	2	1.2345679012345678	0.07602356488398813	12144, 20878	159	15	30060	25.207547169811324	0.9999999998365612	0.4421778773864616	0.3971843389857339
GOTERM_CC_DIRECT	GO:0072687~meiotic spindle	2	1.2345679012345678	0.07602356488398813	20878, 12316	159	15	30060	25.207547169811324	0.9999999998365612	0.4421778773864616	0.3971843389857339
GOTERM_CC_DIRECT	GO:1990023~mitotic spindle midzone	2	1.2345679012345678	0.07602356488398813	233406, 229841	159	15	30060	25.207547169811324	0.9999999998365612	0.4421778773864616	0.3971843389857339
GOTERM_MF_DIRECT	GO:0000977~RNA polymerase II transcription regulatory region sequence-specific DNA binding	6	3.7037037037037033	0.07651439128922201	11910, 218100, 13345, 18519, 208677, 18514	157	422	29205	2.6448214447429588	0.9999999999999719	0.9675368188830653	0.952727581859345
GOTERM_CC_DIRECT	GO:0001673~male germ cell nucleus	3	1.8518518518518516	0.0784188868040131	214901, 12144, 19384	159	88	30060	6.445111492281303	0.9999999999220051	0.44698765478287467	0.40150470043654707
UP_KW_BIOLOGICAL_PROCESS	KW-0469~Meiosis	4	2.4691358024691357	0.08085339857268134	68549, 94244, 12237, 17427	99	116	11227	3.9104841518634625	0.9958311998880128	0.8759118178707146	0.8759118178707146
UP_SEQ_FEATURE	TOPO_DOM:Lumenal	9	5.555555555555555	0.08275073064443082	56228, 98238, 22022, 66913, 71949, 22785, 208677, 77590, 14537	156	644	22187	1.9876075011944578	1.0	1.0	1.0
UP_KW_MOLECULAR_FUNCTION	KW-0689~Ribosomal protein	5	3.0864197530864197	0.08488072956491216	76808, 14694, 66292, 67427, 19989	102	201	12229	2.982391961759828	0.9930377238980451	0.9306668435495483	0.9306668435495483
GOTERM_BP_DIRECT	GO:0090181~regulation of cholesterol metabolic process	2	1.2345679012345678	0.08517033693638343	69863, 21834	157	17	29878	22.38890970400899	1.0	0.9799712184115171	0.9635262399179599
GOTERM_BP_DIRECT	GO:0033120~positive regulation of RNA splicing	2	1.2345679012345678	0.08517033693638343	18708, 20384	157	17	29878	22.38890970400899	1.0	0.9799712184115171	0.9635262399179599
GOTERM_BP_DIRECT	GO:0006334~nucleosome assembly	3	1.8518518518518516	0.08521488855752322	66929, 18148, 27221	157	93	29878	6.1388945962605295	1.0	0.9799712184115171	0.9635262399179599
GOTERM_CC_DIRECT	GO:0010369~chromocenter	2	1.2345679012345678	0.08571614824856631	52276, 16319	159	17	30060	22.241953385127637	0.9999999999919071	0.4790020049184588	0.43026145003201915
UP_SEQ_FEATURE	CARBOHYD:N-linked (GlcNAc...) asparagine	34	20.98765432098765	0.08633426218093526	241556, 20378, 59083, 18830, 244864, 14590, 15366, 239852, 71564, 18552, 22410, 77590, 208677, 209837, 14537, 85031, 16979, 16319, 140806, 268902, 13176, 12484, 18166, 22022, 23892, 72043, 54381, 83964, 76574, 320924, 56464, 71949, 235611, 50766	156	3734	22187	1.295026300248582	1.0	1.0	1.0
GOTERM_BP_DIRECT	GO:0031647~regulation of protein stability	3	1.8518518518518516	0.08677964979171243	229841, 18148, 20878	157	94	29878	6.073587206938609	1.0	0.9892880076255217	0.972686683317542
UP_KW_MOLECULAR_FUNCTION	KW-9996~Developmental protein	14	8.641975308641975	0.08704855195086827	20378, 268902, 14694, 13176, 12142, 22695, 56198, 22410, 229841, 320924, 83675, 22196, 13345, 18514	102	1042	12229	1.6108351209965754	0.993903645952723	0.9306668435495483	0.9306668435495483
UP_KW_MOLECULAR_FUNCTION	KW-0217~Developmental protein	14	8.641975308641975	0.08704855195086827	20378, 268902, 14694, 13176, 12142, 22695, 56198, 22410, 229841, 320924, 83675, 22196, 13345, 18514	102	1042	12229	1.6108351209965754	0.993903645952723	0.9306668435495483	0.9306668435495483
GOTERM_MF_DIRECT	GO:0043422~protein kinase B binding	2	1.2345679012345678	0.0870505588517257	18148, 20384	157	17	29205	21.884600974147624	0.9999999999999997	1.0	0.9872122762148338
GOTERM_MF_DIRECT	GO:0004674~protein serine/threonine kinase activity	6	3.7037037037037033	0.08767809303083271	674895, 665113, 27214, 18817, 20878, 12534	157	440	29205	2.536624203821656	0.9999999999999998	1.0	0.9872122762148338
KEGG_PATHWAY	mmu05203:Viral carcinogenesis	5	3.0864197530864197	0.08853203381219188	18708, 18519, 208677, 13655, 12534	73	228	9718	2.9193703436673877	0.9999999845177702	1.0	1.0
GOTERM_BP_DIRECT	GO:0003184~pulmonary valve morphogenesis	2	1.2345679012345678	0.08994959508596616	268902, 56198	157	18	29878	21.145081387119603	1.0	1.0	0.983969465648855
UP_SEQ_FEATURE	MOTIF:D-box	2	1.2345679012345678	0.09351167102685534	72415, 30939	156	14	22187	20.317765567765566	1.0	1.0	1.0
GOTERM_BP_DIRECT	GO:0003279~cardiac septum development	2	1.2345679012345678	0.0947040446291154	18552, 12142	157	19	29878	20.032182366744888	1.0	1.0	0.983969465648855
GOTERM_BP_DIRECT	GO:0043171~peptide catabolic process	2	1.2345679012345678	0.0947040446291154	19155, 54381	157	19	29878	20.032182366744888	1.0	1.0	0.983969465648855
GOTERM_BP_DIRECT	GO:0010867~positive regulation of triglyceride biosynthetic process	2	1.2345679012345678	0.0947040446291154	76574, 14732	157	19	29878	20.032182366744888	1.0	1.0	0.983969465648855
GOTERM_CC_DIRECT	GO:0000939~inner kinetochore	2	1.2345679012345678	0.09530769247390009	72155, 69928	159	19	30060	19.90069513406157	0.9999999999995993	0.5223594683665678	0.4692071014099697
GOTERM_MF_DIRECT	GO:0015171~amino acid transmembrane transporter activity	2	1.2345679012345678	0.0967834590782191	209837, 50934	157	19	29205	19.580958766342608	1.0	1.0	0.9872122762148338
GOTERM_BP_DIRECT	GO:0008104~protein localization	4	2.4691358024691357	0.09679581531932145	18148, 14694, 19384, 68549	157	209	29878	3.6422149757717976	1.0	1.0	0.983969465648855
GOTERM_BP_DIRECT	GO:0006412~translation	5	3.0864197530864197	0.09819961163339692	76808, 14694, 66292, 67427, 19989	157	334	29878	2.8488882108394673	1.0	1.0	0.983969465648855
UP_SEQ_FEATURE	ACT_SITE:Glycyl thioester intermediate	3	1.8518518518518516	0.09895621188367384	56228, 22196, 68612	156	76	22187	5.614119433198381	1.0	1.0	1.0
UP_SEQ_FEATURE	MOTIF:Cell attachment site	3	1.8518518518518516	0.09895621188367384	18552, 16008, 50766	156	76	22187	5.614119433198381	1.0	1.0	1.0
GOTERM_BP_DIRECT	GO:0002042~cell migration involved in sprouting angiogenesis	2	1.2345679012345678	0.09943381350270339	23892, 13655	157	20	29878	19.03057324840764	1.0	1.0	0.983969465648855
GOTERM_BP_DIRECT	GO:0007088~regulation of mitotic nuclear division	2	1.2345679012345678	0.09943381350270339	229841, 17345	157	20	29878	19.03057324840764	1.0	1.0	0.983969465648855
UP_KW_MOLECULAR_FUNCTION	KW-0143~Chaperone	5	3.0864197530864197	0.09971430466602303	66101, 66929, 18148, 27221, 69387	102	213	12229	2.814369879407162	0.9972119562645632	0.9306668435495483	0.9306668435495483
