Category	Term	Count	%	PValue	Genes	List Total	Pop Hits	Pop Total	Fold Enrichment	Bonferroni	Benjamini	FDR
GOTERM_CC_DIRECT	GO:0005840~ribosome	24	19.834710743801654	5.0611297532095145E-26	268449, 66475, 20103, 76808, 267019, 20102, 14694, 20042, 78294, 110954, 56040, 27176, 12317, 13627, 11837, 67281, 20085, 68052, 66292, 19943, 269261, 27370, 67891, 19989	121	224	30060	26.617473435655256	1.1539375837317694E-23	1.1539375837317694E-23	1.0172870803951124E-23
GOTERM_CC_DIRECT	GO:0022626~cytosolic ribosome	20	16.528925619834713	1.037032566445386E-25	268449, 66475, 20103, 76808, 267019, 20102, 20042, 78294, 110954, 56040, 27176, 13627, 11837, 67281, 20085, 68052, 19943, 269261, 67891, 19989	121	115	30060	43.20517427236795	2.36443425149548E-23	1.18221712574774E-23	1.042217729277613E-23
GOTERM_BP_DIRECT	GO:0002181~cytoplasmic translation	19	15.702479338842975	9.138979880366971E-24	268449, 66475, 20103, 76808, 267019, 20102, 20042, 78294, 56040, 27176, 11837, 67281, 20085, 68052, 19943, 269261, 27370, 67891, 19989	117	121	29878	40.09903228085046	1.1304918112013944E-20	1.1304918112013944E-20	1.1186111373569173E-20
GOTERM_MF_DIRECT	GO:0003735~structural constituent of ribosome	21	17.355371900826448	7.864194666134141E-21	268449, 66475, 20103, 76808, 267019, 20102, 20042, 78294, 110954, 56040, 27176, 11837, 67281, 20085, 68052, 66292, 19943, 269261, 27370, 67891, 19989	119	239	29205	21.564115185823283	2.4143077625031815E-18	2.4143077625031815E-18	2.3513942051741082E-18
GOTERM_CC_DIRECT	GO:1990904~ribonucleoprotein complex	24	19.834710743801654	4.1544396775537494E-20	268449, 66475, 20103, 76808, 18148, 20102, 15382, 14694, 22608, 20042, 67996, 78294, 56040, 27176, 11837, 67281, 20085, 68052, 66292, 19943, 269261, 27370, 67891, 19989	121	406	30060	14.685502585189106	9.472122464822549E-18	3.1573741549408493E-18	2.7834745839610122E-18
UP_KW_MOLECULAR_FUNCTION	KW-0689~Ribosomal protein	22	18.181818181818183	6.547084385334687E-20	268449, 66475, 20103, 76808, 267019, 20102, 14694, 20042, 78294, 110954, 56040, 27176, 11837, 67281, 20085, 68052, 66292, 19943, 269261, 27370, 67891, 19989	82	201	12229	16.32314039558306	2.9461879734006093E-18	2.9461879734006093E-18	2.8807171295472623E-18
GOTERM_BP_DIRECT	GO:0006412~translation	22	18.181818181818183	1.297732120373963E-19	268449, 66475, 20103, 76808, 267019, 20102, 14694, 19652, 20042, 78294, 110954, 13627, 67281, 20085, 68052, 66292, 19943, 269261, 27370, 55949, 67891, 19989	117	334	29878	16.820615179896617	1.6052946329025923E-16	8.026473164512961E-17	7.942120576688653E-17
GOTERM_BP_DIRECT	GO:0140236~translation at presynapse	13	10.743801652892563	1.7870222958204878E-17	268449, 20103, 267019, 20042, 78294, 110954, 27176, 67281, 19943, 269261, 27370, 67891, 19989	117	64	29878	51.87152777777777	2.2105465799299434E-14	6.7539769017536606E-15	6.682997354685918E-15
GOTERM_BP_DIRECT	GO:0140242~translation at postsynapse	13	10.743801652892563	2.183986063622849E-17	268449, 20103, 267019, 20042, 78294, 110954, 27176, 67281, 19943, 269261, 27370, 67891, 19989	117	65	29878	51.07350427350427	2.7015907607014642E-14	6.7539769017536606E-15	6.682997354685918E-15
UP_KW_MOLECULAR_FUNCTION	KW-0687~Ribonucleoprotein	23	19.00826446280992	5.3346921480055974E-17	268449, 66475, 20103, 76808, 267019, 20102, 15382, 14694, 20042, 78294, 110954, 56040, 27176, 11837, 67281, 20085, 68052, 66292, 19943, 269261, 27370, 67891, 19989	82	317	12229	10.8204585673617	2.4006114666025188E-15	1.2003057333012594E-15	1.1736322725612315E-15
GOTERM_CC_DIRECT	GO:0098794~postsynapse	20	16.528925619834713	1.2467054112768025E-15	268449, 66475, 20103, 267019, 22418, 20042, 78294, 110954, 226778, 56040, 27176, 11837, 67281, 20085, 19943, 269261, 27370, 67891, 17756, 19989	121	384	30060	12.93904958677686	2.7844393457598926E-13	7.106220844277774E-14	6.264694691665932E-14
KEGG_PATHWAY	mmu03010:Ribosome	21	17.355371900826448	3.945347878914221E-15	268449, 66475, 20103, 76808, 267019, 20102, 20042, 78294, 110954, 56040, 27176, 11837, 67281, 20085, 68052, 66292, 19943, 269261, 27370, 67891, 19989	75	265	9718	10.268075471698115	5.995204332975845E-13	5.918021818371332E-13	5.918021818371332E-13
GOTERM_CC_DIRECT	GO:0045202~synapse	26	21.487603305785125	4.2825281921589194E-13	66475, 20499, 15382, 19167, 76884, 67281, 68052, 19943, 19989, 268449, 20103, 76808, 267019, 20102, 22608, 20042, 78294, 110954, 56040, 27176, 11837, 16525, 20085, 269261, 27370, 67891	121	1042	30060	6.19882298821402	9.763256869632642E-11	1.9528328556244673E-11	1.7215763332478856E-11
GOTERM_CC_DIRECT	GO:0005737~cytoplasm	67	55.371900826446286	1.6081751277750958E-12	20378, 15382, 14694, 66214, 259302, 226778, 12317, 11745, 246196, 24056, 14456, 19943, 19989, 268449, 20103, 76808, 20102, 19876, 18148, 18263, 20384, 22608, 67996, 406217, 21835, 27176, 11837, 13850, 269261, 27370, 66475, 22339, 22417, 16573, 19167, 14077, 665113, 68813, 20677, 13627, 76884, 67281, 68052, 11520, 18519, 69387, 55949, 217517, 18514, 72828, 17427, 267019, 17311, 68026, 19652, 20042, 13032, 12142, 78294, 110954, 56040, 208618, 20085, 19735, 67891, 14645, 17756	121	7472	30060	2.2276222414922047	3.6666003566665495E-10	6.111065485545364E-11	5.387386678046571E-11
KEGG_PATHWAY	mmu05171:Coronavirus disease - COVID-19	20	16.528925619834713	3.549766421744081E-12	268449, 66475, 20103, 76808, 267019, 20102, 20042, 78294, 110954, 56040, 27176, 11837, 67281, 20085, 68052, 19943, 269261, 27370, 67891, 19989	75	334	9718	7.758882235528942	5.32457411495102E-10	2.6623248163080607E-10	2.6623248163080607E-10
GOTERM_CC_DIRECT	GO:0022625~cytosolic large ribosomal subunit	12	9.917355371900827	9.657410968409596E-12	268449, 27176, 76808, 11837, 20042, 67281, 67891, 19943, 269261, 110954, 19989, 56040	121	138	30060	21.602587136183974	2.201884008457E-9	3.1455567154248395E-10	2.7730565780718984E-10
GOTERM_CC_DIRECT	GO:0098793~presynapse	15	12.396694214876034	9.770337542609164E-11	268449, 20103, 267019, 20042, 665113, 78294, 110954, 27176, 67281, 16423, 19943, 269261, 27370, 67891, 19989	121	340	30060	10.960136120563927	2.2276375188923225E-8	2.7845461996436116E-9	2.4547973075805526E-9
GOTERM_CC_DIRECT	GO:0022627~cytosolic small ribosomal subunit	9	7.43801652892562	3.909314046990764E-10	66475, 20103, 267019, 20102, 20042, 20085, 68052, 78294, 27370	121	70	30060	31.940968122786305	8.913235483021253E-8	9.903595585709936E-9	8.730801371612707E-9
GOTERM_CC_DIRECT	GO:0005829~cytosol	46	38.01652892561984	1.4125243869884011E-9	66475, 14694, 19167, 16573, 14077, 665113, 68813, 208677, 12317, 13627, 67281, 68052, 11520, 18519, 231861, 69387, 55949, 19943, 19989, 268449, 20720, 20103, 76808, 267019, 20102, 18148, 18263, 22608, 20384, 20042, 406217, 21835, 78294, 110954, 56040, 27176, 11858, 11837, 20085, 16007, 13850, 19735, 269261, 27370, 67891, 14645	121	4529	30060	2.5232432314067834	3.220555185867724E-7	3.220555602333555E-8	2.8391740178466864E-8
GOTERM_BP_DIRECT	GO:0042274~ribosomal small subunit biogenesis	9	7.43801652892562	2.0061071914680544E-9	66475, 20103, 267019, 18148, 20102, 20042, 20085, 68052, 78294	117	88	29878	26.11713286713287	2.4815514918508086E-6	4.963109191691967E-7	4.910950404713797E-7
GOTERM_CC_DIRECT	GO:0005783~endoplasmic reticulum	27	22.31404958677686	2.7115687391185863E-9	66475, 20335, 22339, 235293, 66212, 67305, 66913, 208677, 12317, 52377, 56334, 13167, 55949, 56615, 67397, 67695, 98238, 22608, 72043, 73130, 110954, 13418, 11837, 71949, 54326, 27370, 14645	121	1702	30060	3.941012518087617	6.182374840957294E-7	5.6203424774457966E-8	4.9547756051166894E-8
GOTERM_MF_DIRECT	GO:0005515~protein binding	49	40.49586776859504	3.164508038293513E-8	20378, 66212, 72931, 14694, 66214, 259302, 12317, 246196, 56334, 268449, 19876, 18148, 20384, 22608, 67996, 21835, 27176, 13418, 16525, 16403, 269261, 66475, 68895, 22339, 22417, 22418, 16573, 19167, 665113, 68813, 20677, 13627, 76884, 11520, 18519, 69387, 55949, 18514, 72828, 17427, 17311, 12142, 11858, 208618, 16423, 19735, 67891, 14645, 17756	119	5504	29205	2.1848815834473325	9.714992625364793E-6	4.857519838780542E-6	4.7309395172488015E-6
GOTERM_CC_DIRECT	GO:0015935~small ribosomal subunit	6	4.958677685950414	5.733752544306192E-8	66475, 20103, 18148, 20102, 14694, 20085	121	26	30060	57.32994278448824	1.3072870713948248E-5	1.0894129834181764E-6	9.604035511712872E-7
GOTERM_CC_DIRECT	GO:0032040~small-subunit processome	8	6.6115702479338845	6.577808143879495E-8	66475, 20103, 267019, 20102, 20042, 20085, 68052, 78294	121	88	30060	22.584522915101427	1.4997290597951185E-5	1.153646351388096E-6	1.0170303360921372E-6
GOTERM_CC_DIRECT	GO:0005730~nucleolus	18	14.87603305785124	2.0085936213931805E-7	66475, 20103, 267019, 68895, 18148, 20102, 20384, 66214, 20042, 12142, 78294, 27176, 246196, 13627, 20085, 68052, 19735, 269261	121	937	30060	4.772396517812255	4.579489054978847E-5	3.271138183411751E-6	2.883766556428781E-6
GOTERM_MF_DIRECT	GO:0003723~RNA binding	17	14.049586776859504	2.0280831314096103E-6	268449, 20103, 18148, 20102, 15382, 20384, 19652, 22608, 67996, 78294, 27176, 93838, 67281, 20085, 269261, 67891, 19989	119	975	29205	4.279120879120879	6.22428363763694E-4	2.0754050711425012E-4	2.0213228543049117E-4
GOTERM_CC_DIRECT	GO:0005634~nucleus	50	41.32231404958678	3.7603139472832556E-6	15382, 72931, 14694, 66214, 208677, 12317, 11745, 246196, 268449, 20103, 109205, 20102, 18148, 13170, 98238, 20384, 22608, 67996, 406217, 21835, 13418, 11837, 269261, 66475, 68895, 22339, 17263, 19167, 14077, 665113, 20677, 13627, 76884, 68052, 11520, 18519, 18514, 72828, 17427, 68026, 19652, 20042, 12142, 78294, 110954, 93838, 20085, 71949, 19735, 67891	121	6691	30060	1.8564471085496617	8.569857697143801E-4	5.715677199870548E-5	5.0388206893595625E-5
GOTERM_MF_DIRECT	GO:0003729~mRNA binding	10	8.264462809917356	5.630899398589152E-6	20103, 12317, 15382, 13627, 22608, 20384, 67996, 68052, 27370, 19989	119	315	29205	7.791116446578632	0.0017271976567643232	4.3217152884171745E-4	4.2090973004453916E-4
GOTERM_BP_DIRECT	GO:0001822~kidney development	8	6.6115702479338845	7.660561984845048E-6	22339, 22417, 19876, 22418, 18263, 18552, 12142, 72043	117	183	29878	11.163607491476345	0.009431394235315027	0.0015793525292088872	0.0015627546449083897
GOTERM_CC_DIRECT	GO:0005788~endoplasmic reticulum lumen	7	5.785123966942149	8.163369374395518E-6	12317, 22417, 67397, 22418, 13418, 52377, 18552	121	118	30060	14.737358173413645	0.0018595247519725966	1.1632801358513612E-4	1.0255232776584369E-4
UP_SEQ_FEATURE	CROSSLNK:Glycyl lysine isopeptide (Lys-Gly) (interchain with G-Cter in ubiquitin)	10	8.264462809917356	1.6959168011092938E-5	68026, 13627, 11837, 22608, 68052, 208677, 78294, 269261, 110954, 56040	114	288	22187	6.757736354775828	0.007501655515464778	0.005009445035775989	0.005009445035775989
GOTERM_BP_DIRECT	GO:0003281~ventricular septum development	5	4.132231404958678	1.954877676370869E-5	268977, 19876, 22418, 12142, 16007	117	41	29878	31.142380654575778	0.023892029546003113	0.003435046036266553	0.003398946118342976
GOTERM_BP_DIRECT	GO:0010628~positive regulation of gene expression	12	9.917355371900827	2.2215334106816835E-5	22339, 12317, 67397, 19876, 15382, 22418, 66214, 56334, 12142, 14456, 13850, 226778	117	598	29878	5.124431866906783	0.02710651503875583	0.003435046036266553	0.003398946118342976
UP_SEQ_FEATURE	CROSSLNK:Glycyl lysine isopeptide (Lys-Gly) (interchain with G-Cter in SUMO2)	18	14.87603305785124	2.256506772872067E-5	268449, 66475, 76808, 109205, 18148, 20102, 15382, 22608, 67996, 16573, 110954, 27176, 68052, 231861, 19943, 269261, 55949, 67891	114	1049	22187	3.3395715217500377	0.009968980099653413	0.005009445035775989	0.005009445035775989
UP_KW_CELLULAR_COMPONENT	KW-0256~Endoplasmic reticulum	22	18.181818181818183	2.9222607515362854E-5	66475, 20335, 22339, 66212, 235293, 67397, 67695, 98238, 66913, 72043, 208677, 73130, 12317, 13418, 52377, 56334, 71949, 13167, 54326, 56615, 27370, 14645	112	1308	18500	2.778232852774137	9.346999996903138E-4	9.351234404916113E-4	8.766782254608856E-4
GOTERM_CC_DIRECT	GO:0030425~dendrite	12	9.917355371900827	5.407779797789926E-5	268977, 11745, 19876, 21366, 14694, 11837, 22608, 19652, 16525, 19943, 226778, 17756	121	641	30060	4.650790990317298	0.012254367468112148	7.252787022918254E-4	6.393904349151618E-4
GOTERM_BP_DIRECT	GO:0048706~embryonic skeletal system development	5	4.132231404958678	5.4532949169293224E-5	22418, 208618, 18552, 72043, 18514	117	53	29878	24.09127560070956	0.06523404591159088	0.007495250902490636	0.0074164810870238785
GOTERM_MF_DIRECT	GO:0019838~growth factor binding	5	4.132231404958678	6.851153949998903E-5	268977, 22339, 67281, 16007, 269275	119	54	29205	22.724089635854344	0.020814096401397086	0.0037687035764600025	0.0036704963171385694
GOTERM_MF_DIRECT	GO:0019843~rRNA binding	5	4.132231404958678	7.365544449107497E-5	268449, 20103, 18148, 20102, 67281	119	55	29205	22.3109243697479	0.02235929549739568	0.0037687035764600025	0.0036704963171385694
GOTERM_CC_DIRECT	GO:0062023~collagen-containing extracellular matrix	9	7.43801652892562	7.960410240788938E-5	20720, 57875, 268977, 11745, 12317, 373864, 13032, 16007, 64074	121	347	30060	6.44342296425084	0.017986730297900988	0.0010083186304999322	8.889124768880981E-4
UP_KW_PTM	KW-1017~Isopeptide bond	27	22.31404958677686	1.0717280747713687E-4	66475, 15382, 16573, 208677, 13627, 68052, 231861, 55949, 19943, 268449, 20103, 76808, 109205, 68026, 20102, 18148, 22608, 67996, 12142, 78294, 110954, 56040, 27176, 11837, 16525, 269261, 67891	100	1594	13016	2.204717691342535	0.0019273541790405524	0.0017763237372188498	0.0016828330142073314
GOTERM_BP_DIRECT	GO:0010595~positive regulation of endothelial cell migration	5	4.132231404958678	1.0766576715394472E-4	11745, 22339, 12317, 22418, 64074	117	63	29878	20.267263600596934	0.124700988949483	0.013318255396942962	0.013178289899642833
GOTERM_CC_DIRECT	GO:0005576~extracellular region	20	16.528925619834713	1.7303771459921668E-4	20720, 268977, 218877, 373864, 20378, 17311, 22417, 22418, 674895, 67305, 22608, 18552, 23892, 72043, 57875, 12317, 14456, 16007, 69387, 64074	121	1887	30060	2.633065734670013	0.03868776142515107	0.0020764525751906003	0.0018305568754969765
GOTERM_BP_DIRECT	GO:0010629~negative regulation of gene expression	9	7.43801652892562	1.737422066437833E-4	22339, 22417, 67397, 19876, 18148, 14694, 67996, 12142, 226778	117	400	29878	5.745769230769231	0.19340837689959056	0.01953810087439636	0.019332769175635523
UP_KW_PTM	KW-0007~Acetylation	42	34.710743801652896	1.8698144602303683E-4	66475, 20335, 66212, 15382, 14694, 19167, 16573, 14077, 68813, 20677, 12317, 11745, 13627, 76884, 67281, 68052, 14732, 11520, 13167, 55949, 56615, 19943, 217517, 19989, 268449, 20103, 68026, 20102, 18148, 98238, 22608, 20384, 20042, 67996, 78294, 56040, 27176, 20085, 13850, 269261, 67891, 14645	100	3220	13016	1.6977391304347826	0.0033603221637206193	0.0017763237372188498	0.0016828330142073314
GOTERM_CC_DIRECT	GO:0014069~postsynaptic density	8	6.6115702479338845	3.2693118887730863E-4	76808, 11837, 20085, 68052, 67891, 269261, 17756, 19989	121	323	30060	6.153058874702556	0.07184125415889431	0.0037270155532013183	0.0032856584482169517
GOTERM_MF_DIRECT	GO:0070180~large ribosomal subunit rRNA binding	3	2.479338842975207	4.4608959195938325E-4	268449, 11837, 269261	119	8	29205	92.0325630252101	0.12801238634056156	0.019564214961647234	0.019054398285122228
GOTERM_CC_DIRECT	GO:0009986~cell surface	12	9.917355371900827	4.60098046986506E-4	22339, 12317, 22417, 67397, 19876, 22418, 244864, 23892, 16403, 72043, 16423, 269275	121	821	30060	3.63112914103945	0.09960929644916172	0.004995350224424922	0.004403795592585129
GOTERM_BP_DIRECT	GO:0006417~regulation of translation	6	4.958677685950414	4.731686693232619E-4	13418, 14694, 19652, 19735, 110954, 56040	117	165	29878	9.286091686091686	0.44314375633971514	0.04834833015195796	0.0478402232061411
GOTERM_BP_DIRECT	GO:1900748~positive regulation of vascular endothelial growth factor signaling pathway	3	2.479338842975207	5.284858369168313E-4	22339, 19876, 64074	117	9	29878	85.12250712250712	0.4799913258666314	0.04834833015195796	0.0478402232061411
GOTERM_BP_DIRECT	GO:0001934~positive regulation of protein phosphorylation	7	5.785123966942149	5.471920954950779E-4	22339, 67397, 22418, 14694, 14456, 665113, 16007	117	260	29878	6.875279421433268	0.4918923175196548	0.04834833015195796	0.0478402232061411
GOTERM_BP_DIRECT	GO:0060976~coronary vasculature development	4	3.3057851239669422	6.28359487797635E-4	268977, 19876, 18552, 12142	117	43	29878	23.755118266746177	0.5404580261646896	0.051818712427044965	0.05127413420428701
GOTERM_BP_DIRECT	GO:0008284~positive regulation of cell population proliferation	10	8.264462809917356	7.761570648322285E-4	22339, 12317, 267019, 17311, 18148, 20102, 18263, 23892, 16423, 20677	117	627	29878	4.072847230741968	0.617290505935135	0.060006643074841666	0.059376015459665483
UP_KW_CELLULAR_COMPONENT	KW-0272~Extracellular matrix	8	6.6115702479338845	9.371557685657599E-4	57875, 268977, 22339, 12317, 373864, 22417, 22418, 64074	112	258	18500	5.121816168327796	0.029557421991867505	0.010796429876535419	0.010121653009251955
UP_KW_CELLULAR_COMPONENT	KW-0963~Cytoplasm	49	40.49586776859504	0.0010121653009251956	15382, 14694, 66214, 226778, 12317, 246196, 19943, 19989, 268449, 20103, 76808, 20102, 18148, 22608, 406217, 21835, 27176, 11837, 13850, 269261, 27370, 66475, 22339, 16573, 19167, 14077, 665113, 68813, 13627, 76884, 67281, 68052, 18519, 217517, 72828, 17427, 267019, 17311, 68026, 19652, 12142, 78294, 110954, 208618, 20085, 19735, 67891, 14645, 17756	112	5382	18500	1.5038554440728353	0.03188625394746758	0.010796429876535419	0.010121653009251955
GOTERM_CC_DIRECT	GO:0005789~endoplasmic reticulum membrane	13	10.743801652892563	0.0012442555207905375	66212, 235293, 67695, 98238, 66913, 208677, 73130, 12317, 13418, 56334, 71949, 54326, 56615	121	1074	30060	3.007064038044231	0.24713315302329586	0.012895011760920116	0.011367970894495366
GOTERM_CC_DIRECT	GO:0005615~extracellular space	19	15.702479338842975	0.0013299108001625193	20720, 22339, 373864, 20378, 17311, 22417, 22418, 223917, 13032, 18552, 14077, 23892, 72043, 57875, 12317, 14456, 16007, 13167, 64074	121	2055	30060	2.2969174156964467	0.2617121346100961	0.013183463584219755	0.011622263949246365
GOTERM_CC_DIRECT	GO:0015934~large ribosomal subunit	3	2.479338842975207	0.0016039306700548093	18148, 19652, 67891	121	15	30060	49.685950413223146	0.3064901128308297	0.015237341365520688	0.013432919361709029
GOTERM_BP_DIRECT	GO:0043406~positive regulation of MAP kinase activity	4	3.3057851239669422	0.0019111594424737295	17311, 67397, 19876, 674895	117	63	29878	16.213810880477546	0.9061789657950979	0.13444506982454543	0.13303214669785252
GOTERM_BP_DIRECT	GO:0040037~negative regulation of fibroblast growth factor receptor signaling pathway	3	2.479338842975207	0.0019563550984978313	22417, 22418, 72043	117	17	29878	45.06485671191553	0.9112899017979488	0.13444506982454543	0.13303214669785252
GOTERM_BP_DIRECT	GO:0055091~phospholipid homeostasis	3	2.479338842975207	0.002195325515947064	52377, 14077, 14732	117	18	29878	42.56125356125356	0.9340331453513153	0.14292724543297464	0.14142518060627401
GOTERM_BP_DIRECT	GO:0000027~ribosomal large subunit assembly	3	2.479338842975207	0.002712436087472209	268449, 11837, 110954	117	20	29878	38.3051282051282	0.965259258757673	0.1597754019144344	0.1580962748126659
GOTERM_BP_DIRECT	GO:0002042~cell migration involved in sprouting angiogenesis	3	2.479338842975207	0.002712436087472209	22339, 19876, 23892	117	20	29878	38.3051282051282	0.965259258757673	0.1597754019144344	0.1580962748126659
GOTERM_MF_DIRECT	GO:0042802~identical protein binding	18	14.87603305785124	0.0036755126197159675	22339, 19876, 18148, 15382, 13032, 16573, 208677, 21835, 57875, 13627, 16525, 20085, 13167, 56615, 72828, 14645, 17427, 19989	119	2053	29205	2.1517598758938545	0.6771156796966507	0.14104779678160026	0.1373722841618843
GOTERM_BP_DIRECT	GO:0045944~positive regulation of transcription by RNA polymerase II	13	10.743801652892563	0.0037500212725955985	22339, 18148, 13170, 22418, 22608, 66214, 23892, 208677, 20677, 16007, 16403, 18519, 18514	117	1264	29878	2.6264064697609	0.9904144246191076	0.20298610746478699	0.20085286623839874
GOTERM_BP_DIRECT	GO:0045766~positive regulation of angiogenesis	5	4.132231404958678	0.003806478471391331	11745, 22339, 22418, 23892, 64074	117	163	29878	7.833359551150963	0.9910633840842024	0.20298610746478699	0.20085286623839874
GOTERM_CC_DIRECT	GO:0031672~A band	3	2.479338842975207	0.00411827682724417	18519, 67891, 19989	121	24	30060	31.053719008264466	0.6097258759866078	0.037558684664466824	0.03311094569104312
GOTERM_BP_DIRECT	GO:0043066~negative regulation of apoptotic process	9	7.43801652892562	0.004168860516910739	57875, 22339, 17311, 18148, 22418, 23892, 14456, 16007, 110954	117	657	29878	3.4981852242126217	0.994302111351469	0.20298610746478699	0.20085286623839874
GOTERM_BP_DIRECT	GO:2000573~positive regulation of DNA biosynthetic process	3	2.479338842975207	0.004228915194454907	22339, 66214, 64074	117	25	29878	30.644102564102564	0.9947117106630112	0.20298610746478699	0.20085286623839874
GOTERM_MF_DIRECT	GO:0043022~ribosome binding	4	3.3057851239669422	0.004362367196191922	20335, 66212, 13418, 14694	119	81	29205	12.119514472455649	0.7387235914679722	0.14843550528000668	0.14456747908378503
GOTERM_BP_DIRECT	GO:0008285~negative regulation of cell population proliferation	7	5.785123966942149	0.004452266018738596	20720, 20378, 19876, 18148, 66214, 18519, 20677	117	394	29878	4.536986420235151	0.9959931500740904	0.20298610746478699	0.20085286623839874
GOTERM_BP_DIRECT	GO:0009267~cellular response to starvation	4	3.3057851239669422	0.00461736122211347	57875, 22417, 14456, 14645	117	86	29878	11.877559133373088	0.9967363301605171	0.20298610746478699	0.20085286623839874
GOTERM_BP_DIRECT	GO:0045727~positive regulation of translation	4	3.3057851239669422	0.004768890656233321	18148, 20102, 19652, 20677	117	87	29878	11.741035465173397	0.9972965559531907	0.20298610746478699	0.20085286623839874
GOTERM_BP_DIRECT	GO:0071333~cellular response to glucose stimulus	4	3.3057851239669422	0.004768890656233321	20499, 14694, 14456, 20677	117	87	29878	11.741035465173397	0.9972965559531907	0.20298610746478699	0.20085286623839874
GOTERM_BP_DIRECT	GO:0022409~positive regulation of cell-cell adhesion	3	2.479338842975207	0.004922864368588205	22418, 16403, 16423	117	27	29878	28.374169040835707	0.9977674742146327	0.20298610746478699	0.20085286623839874
GOTERM_MF_DIRECT	GO:0048018~receptor ligand activity	4	3.3057851239669422	0.0051568491755067105	22339, 22417, 23892, 14456	119	86	29205	11.414891538010552	0.7955125807322557	0.14843550528000668	0.14456747908378503
GOTERM_MF_DIRECT	GO:0005539~glycosaminoglycan binding	3	2.479338842975207	0.0053185360198048	20720, 72043, 64074	119	27	29205	27.26890756302521	0.8054659453234971	0.14843550528000668	0.14456747908378503
UP_KW_PTM	KW-0832~Ubl conjugation	30	24.793388429752067	0.005431748020590108	66475, 15382, 16573, 208677, 13627, 68052, 231861, 55949, 19943, 268449, 20103, 76808, 109205, 68026, 20102, 19876, 18148, 22608, 406217, 67996, 12142, 78294, 110954, 56040, 27176, 11837, 16525, 269261, 67891, 14645	100	2395	13016	1.6303966597077244	0.09338551636417591	0.03440107079707068	0.03259048812354065
GOTERM_BP_DIRECT	GO:0035567~non-canonical Wnt signaling pathway	3	2.479338842975207	0.005665537816623811	20378, 22417, 22418	117	29	29878	26.41732979664014	0.9991134724839408	0.2260732348117308	0.22369736411443694
UP_SEQ_FEATURE	TOPO_DOM:Lumenal	10	8.264462809917356	0.005685328800313713	13418, 67695, 98238, 56334, 66913, 71949, 208677, 77590, 73130, 56615	114	644	22187	3.0220932766699358	0.9204595036701716	0.8414286624464294	0.8414286624464294
GOTERM_BP_DIRECT	GO:0001525~angiogenesis	6	4.958677685950414	0.005887892664734604	57875, 22339, 373864, 23892, 16423, 14645	117	294	29878	5.211582068724925	0.999327729303738	0.22760385082114704	0.2252118944260986
GOTERM_CC_DIRECT	GO:0005790~smooth endoplasmic reticulum	3	2.479338842975207	0.0059797595092843025	12317, 67397, 110954	121	29	30060	25.699629524080937	0.7452513355503605	0.052437891081416194	0.0462281408217748
GOTERM_BP_DIRECT	GO:0010976~positive regulation of neuron projection development	5	4.132231404958678	0.006288368465193153	20720, 22418, 16403, 18519, 19735	117	188	29878	6.791689398072377	0.9995916036925121	0.23571853913466456	0.23324130307261878
GOTERM_BP_DIRECT	GO:0008283~cell population proliferation	6	4.958677685950414	0.006759156574573467	22339, 17311, 22418, 18263, 18514, 14645	117	304	29878	5.040148448043184	0.9997727503973786	0.24591402008080523	0.2433296366846448
GOTERM_BP_DIRECT	GO:0030148~sphingolipid biosynthetic process	3	2.479338842975207	0.007730269848382273	235293, 71949, 54326	117	34	29878	22.532428355957766	0.999932237061019	0.2732098229271106	0.2703385798405686
GOTERM_BP_DIRECT	GO:0017148~negative regulation of translation	4	3.3057851239669422	0.008230721370033564	12317, 14694, 22608, 19735	117	106	29878	9.636510240283826	0.9999636942279087	0.28281673152032	0.2798445265811412
GOTERM_CC_DIRECT	GO:0005791~rough endoplasmic reticulum	3	2.479338842975207	0.008627952196416643	66475, 67891, 27370	121	35	30060	21.293978748524204	0.8613369749966856	0.07285826299196277	0.06423031079554611
GOTERM_BP_DIRECT	GO:0007411~axon guidance	5	4.132231404958678	0.008911687037617426	218877, 19876, 22418, 76884, 16573	117	208	29878	6.138642340565418	0.9999844767365969	0.29648731644893334	0.293371443276875
GOTERM_BP_DIRECT	GO:0032967~positive regulation of collagen biosynthetic process	3	2.479338842975207	0.009107936964478145	268977, 22417, 66214	117	37	29878	20.705474705474707	0.9999878494858591	0.29648731644893334	0.293371443276875
GOTERM_MF_DIRECT	GO:0019901~protein kinase binding	8	6.6115702479338845	0.009761739535965697	20499, 11858, 18148, 13627, 66214, 20085, 18519, 17756	119	585	29205	3.3561732385261798	0.9507860021034835	0.24973783646178907	0.24323001010447864
GOTERM_BP_DIRECT	GO:0045879~negative regulation of smoothened signaling pathway	3	2.479338842975207	0.010082656865916426	20720, 14694, 56334	117	39	29878	19.643655489809337	0.9999964034988901	0.31980119341381075	0.31644030779183857
GOTERM_BP_DIRECT	GO:0035904~aorta development	3	2.479338842975207	0.010586621301859035	268977, 19876, 12142	117	40	29878	19.1525641025641	0.9999980843681714	0.32739126375999067	0.3239506118368865
GOTERM_MF_DIRECT	GO:0035198~miRNA binding	3	2.479338842975207	0.010879643593976987	15382, 22608, 20677	119	39	29205	18.87847446670976	0.9652074756082647	0.2569269679500719	0.2502318026614707
GOTERM_CC_DIRECT	GO:0016020~membrane	48	39.66942148760331	0.011578106916932927	20335, 22339, 20499, 235293, 66212, 244864, 21366, 14694, 18552, 16573, 259302, 66913, 68813, 77590, 208677, 226778, 208613, 12317, 11745, 13627, 56334, 24056, 380863, 14732, 11520, 55949, 56615, 217517, 269275, 50934, 17993, 17311, 19876, 67695, 98238, 73130, 110954, 27176, 11858, 13418, 16525, 16007, 16403, 71949, 16423, 54326, 19735, 14645	121	8760	30060	1.361258915430771	0.9297158775900642	0.09427887060931096	0.08311426751083995
GOTERM_BP_DIRECT	GO:0006888~endoplasmic reticulum to Golgi vesicle-mediated transport	4	3.3057851239669422	0.012046727410445338	67397, 56334, 66913, 73130	117	122	29878	8.37270561860726	0.9999996917295094	0.3582538972858562	0.3544889007905319
GOTERM_CC_DIRECT	GO:0005604~basement membrane	4	3.3057851239669422	0.012108131025703992	22339, 373864, 16403, 64074	121	119	30060	8.35057990138204	0.9378064013816366	0.0951949611676038	0.08392187366091389
GOTERM_BP_DIRECT	GO:0050873~brown fat cell differentiation	3	2.479338842975207	0.012163834831047665	14077, 16403, 19735	117	43	29878	17.816338700059628	0.9999997337753097	0.3582538972858562	0.3544889007905319
UP_KW_BIOLOGICAL_PROCESS	KW-0444~Lipid biosynthesis	5	4.132231404958678	0.012588524314004961	235293, 14732, 71949, 54326, 21835	60	172	11227	5.439437984496124	0.526421424940742	0.5266798321398944	0.5266798321398944
GOTERM_BP_DIRECT	GO:0051726~regulation of cell cycle	5	4.132231404958678	0.013080972742625431	68026, 18148, 14694, 66214, 18519	117	233	29878	5.479989728916768	0.9999999156193764	0.37305526217111656	0.3691347137408623
GOTERM_BP_DIRECT	GO:0098609~cell-cell adhesion	5	4.132231404958678	0.013269548533168253	22339, 19876, 76884, 16403, 16007	117	234	29878	5.456570969391483	0.9999999333833105	0.37305526217111656	0.3691347137408623
GOTERM_CC_DIRECT	GO:0044297~cell body	4	3.3057851239669422	0.013271794710297035	14694, 19943, 14645, 17756	121	123	30060	8.079016327353356	0.9524621321490071	0.09856017711724084	0.08688857719546232
GOTERM_CC_DIRECT	GO:0042995~cell projection	12	9.917355371900827	0.01340072583611608	17311, 19876, 21366, 14694, 19652, 16525, 68813, 69387, 14645, 226778, 17756, 17427	121	1278	30060	2.3326737283203354	0.9538575671472899	0.09856017711724084	0.08688857719546232
GOTERM_BP_DIRECT	GO:0010811~positive regulation of cell-substrate adhesion	3	2.479338842975207	0.013837132791678424	16403, 16007, 64074	117	46	29878	16.654403567447044	0.9999999673055014	0.3754967201787429	0.37155051374194126
GOTERM_BP_DIRECT	GO:0016055~Wnt signaling pathway	5	4.132231404958678	0.01423844004826002	20378, 22417, 22418, 665113, 226778	117	239	29878	5.342416765010907	0.9999999802387701	0.3754967201787429	0.37155051374194126
GOTERM_MF_DIRECT	GO:0005109~frizzled binding	3	2.479338842975207	0.014308921808430193	22417, 22418, 56334	119	45	29205	16.361344537815125	0.9880206440600847	0.31377421394200494	0.30559768719433056
GOTERM_BP_DIRECT	GO:0006915~apoptotic process	8	6.6115702479338845	0.014334804150872387	22339, 17311, 14694, 76884, 14456, 16007, 16423, 269275	117	657	29878	3.109497977077886	0.9999999824896549	0.3754967201787429	0.37155051374194126
GOTERM_BP_DIRECT	GO:0030308~negative regulation of cell growth	4	3.3057851239669422	0.014570608382036913	20720, 20378, 14694, 23892	117	131	29878	7.797481568473935	0.9999999869756004	0.3754967201787429	0.37155051374194126
GOTERM_BP_DIRECT	GO:0006414~translational elongation	3	2.479338842975207	0.01621351559932348	13627, 55949, 56040	117	50	29878	15.322051282051282	0.9999999983466925	0.40930854686455403	0.40500700190963146
GOTERM_MF_DIRECT	GO:0005125~cytokine activity	5	4.132231404958678	0.016247689791781494	22339, 17311, 22417, 22418, 23892	119	239	29205	5.134313139481734	0.9934546943530602	0.33253605107179457	0.32387061651617777
UP_KW_MOLECULAR_FUNCTION	KW-0694~RNA-binding	11	9.090909090909092	0.017481354752488777	268449, 18148, 15382, 20102, 22608, 20384, 19652, 67996, 67281, 269261, 19989	82	704	12229	2.330221036585366	0.5477942994879876	0.2001875706134581	0.19573895793315904
GOTERM_MF_DIRECT	GO:0051087~protein-folding chaperone binding	4	3.3057851239669422	0.017528156856624094	67397, 13418, 13032, 69387	119	135	29205	7.271708683473388	0.99561191939131	0.3363215096864748	0.3275574312581628
UP_KW_MOLECULAR_FUNCTION	KW-0699~rRNA-binding	3	2.479338842975207	0.017794450721196276	268449, 20102, 67281	82	31	12229	14.432336742722265	0.5542336751642574	0.2001875706134581	0.19573895793315904
UP_KW_BIOLOGICAL_PROCESS	KW-0879~Wnt signaling pathway	5	4.132231404958678	0.01785355363186083	20378, 22417, 22418, 665113, 226778	60	191	11227	4.898342059336824	0.6545392378396113	0.5266798321398944	0.5266798321398944
GOTERM_CC_DIRECT	GO:0043025~neuronal cell body	8	6.6115702479338845	0.018681777437403232	20720, 268977, 11745, 19876, 21366, 14694, 22608, 17756	121	674	30060	2.948721092772887	0.986427842620769	0.13310766424149803	0.11734491452868905
GOTERM_BP_DIRECT	GO:0043065~positive regulation of apoptotic process	6	4.958677685950414	0.018787305395799075	20378, 14694, 16403, 16007, 269275, 20677	117	393	29878	3.8987407842369675	0.9999999999352818	0.44960061714079635	0.4448756308652666
GOTERM_BP_DIRECT	GO:0021891~olfactory bulb interneuron development	2	1.6528925619834711	0.01926340558485223	19876, 22418	117	5	29878	102.14700854700855	0.9999999999644946	0.44960061714079635	0.4448756308652666
GOTERM_BP_DIRECT	GO:1900086~positive regulation of peptidyl-tyrosine autophosphorylation	2	1.6528925619834711	0.01926340558485223	22339, 23892	117	5	29878	102.14700854700855	0.9999999999644946	0.44960061714079635	0.4448756308652666
GOTERM_BP_DIRECT	GO:0060029~convergent extension involved in organogenesis	2	1.6528925619834711	0.01926340558485223	20378, 22418	117	5	29878	102.14700854700855	0.9999999999644946	0.44960061714079635	0.4448756308652666
UP_KW_CELLULAR_COMPONENT	KW-0964~Secreted	19	15.702479338842975	0.01928212450019949	20720, 268977, 218877, 22339, 373864, 20378, 17311, 22417, 22418, 67305, 22608, 18552, 23892, 72043, 57875, 12317, 14456, 16007, 64074	112	1783	18500	1.7601754667093983	0.46369614390349256	0.15425699600159593	0.14461593375149617
GOTERM_CC_DIRECT	GO:0033116~endoplasmic reticulum-Golgi intermediate compartment membrane	3	2.479338842975207	0.01975540244768339	19876, 56334, 73130	121	54	30060	13.801652892561984	0.9894255863194878	0.1364918714567216	0.12032836036316245
GOTERM_BP_DIRECT	GO:0043547~positive regulation of GTPase activity	4	3.3057851239669422	0.020452915881572224	22417, 22418, 14694, 16403	117	149	29878	6.855503929329433	0.9999999999920874	0.46852327676860817	0.4635994266489704
GOTERM_BP_DIRECT	GO:0030335~positive regulation of cell migration	5	4.132231404958678	0.02175826841689745	218877, 22339, 14694, 16403, 16007	117	272	29878	4.694255907491201	0.9999999999984797	0.475086002579083	0.4700931828268372
GOTERM_CC_DIRECT	GO:0048471~perinuclear region of cytoplasm	9	7.43801652892562	0.021896498840872355	268977, 68026, 12317, 14694, 18263, 76884, 22608, 16573, 665113	121	858	30060	2.6059064902040108	0.9935770066246455	0.14683534516820285	0.12944694902986303
GOTERM_BP_DIRECT	GO:0051496~positive regulation of stress fiber assembly	3	2.479338842975207	0.022846845909950293	22417, 66214, 16423	117	60	29878	12.768376068376067	0.9999999999996165	0.475086002579083	0.4700931828268372
GOTERM_BP_DIRECT	GO:0140013~meiotic nuclear division	2	1.6528925619834711	0.02307170890198866	22417, 22418	117	6	29878	85.12250712250713	0.9999999999997115	0.475086002579083	0.4700931828268372
GOTERM_BP_DIRECT	GO:1901164~negative regulation of trophoblast cell migration	2	1.6528925619834711	0.02307170890198866	12317, 269275	117	6	29878	85.12250712250713	0.9999999999997115	0.475086002579083	0.4700931828268372
GOTERM_BP_DIRECT	GO:0043516~regulation of DNA damage response, signal transduction by p53 class mediator	2	1.6528925619834711	0.02307170890198866	18148, 20677	117	6	29878	85.12250712250713	0.9999999999997115	0.475086002579083	0.4700931828268372
GOTERM_BP_DIRECT	GO:0051054~positive regulation of DNA metabolic process	2	1.6528925619834711	0.02307170890198866	11745, 18148	117	6	29878	85.12250712250713	0.9999999999997115	0.475086002579083	0.4700931828268372
GOTERM_BP_DIRECT	GO:0009887~animal organ morphogenesis	4	3.3057851239669422	0.02342784652976885	22417, 22418, 23892, 18514	117	157	29878	6.506178888344493	0.9999999999998163	0.475086002579083	0.4700931828268372
GOTERM_BP_DIRECT	GO:0009306~protein secretion	3	2.479338842975207	0.02428683577789492	67397, 52377, 56334	117	62	29878	12.356492969396196	0.9999999999999382	0.4845615460847745	0.47946914503457067
UP_SEQ_FEATURE	CROSSLNK:Glycyl lysine isopeptide (Lys-Gly) (interchain with G-Cter in SUMO2); alternate	6	4.958677685950414	0.024604466773246268	20103, 27176, 18148, 15382, 11837, 12142	114	322	22187	3.6265119320039227	0.999984287021387	1.0	1.0
GOTERM_BP_DIRECT	GO:0030326~embryonic limb morphogenesis	3	2.479338842975207	0.025763075631961625	22418, 23892, 18514	117	64	29878	11.970352564102564	0.9999999999999905	0.5058559453450243	0.5005397551352544
GOTERM_BP_DIRECT	GO:0033119~negative regulation of RNA splicing	2	1.6528925619834711	0.026865351165911412	68052, 27370	117	7	29878	72.96214896214897	0.9999999999999977	0.5112682983420371	0.5058952281088549
GOTERM_BP_DIRECT	GO:2000510~positive regulation of dendritic cell chemotaxis	2	1.6528925619834711	0.026865351165911412	12317, 14456	117	7	29878	72.96214896214897	0.9999999999999977	0.5112682983420371	0.5058952281088549
GOTERM_CC_DIRECT	GO:0030663~COPI-coated vesicle membrane	2	1.6528925619834711	0.027614392589381833	56334, 66913	121	7	30060	70.97992916174735	0.9983127360169112	0.17988804315368737	0.1585855117275928
GOTERM_BP_DIRECT	GO:0050766~positive regulation of phagocytosis	3	2.479338842975207	0.028044010587402524	12317, 14456, 16423	117	67	29878	11.434366628396477	0.9999999999999994	0.5256127438881352	0.5200889236209195
GOTERM_BP_DIRECT	GO:0007399~nervous system development	6	4.958677685950414	0.028532925656886303	20720, 22339, 19876, 665113, 269275, 20677	117	439	29878	3.490216692950178	0.9999999999999997	0.526794463247289	0.521258223940729
GOTERM_BP_DIRECT	GO:0007275~multicellular organism development	10	8.264462809917356	0.029219981190560438	20720, 22339, 20378, 22417, 19876, 22418, 208618, 14694, 12142, 18514	117	1111	29878	2.2985375460622985	0.9999999999999999	0.5308002977644852	0.5252219599545108
GOTERM_BP_DIRECT	GO:0045860~positive regulation of protein kinase activity	3	2.479338842975207	0.02960810068371017	18148, 14456, 16007	117	69	29878	11.102935711631364	0.9999999999999999	0.5308002977644852	0.5252219599545108
KEGG_PATHWAY	mmu03320:PPAR signaling pathway	4	3.3057851239669422	0.030191796697334235	57875, 14077, 11520, 13167	75	89	9718	5.823520599250937	0.989933511463034	1.0	1.0
GOTERM_BP_DIRECT	GO:0045836~positive regulation of meiotic nuclear division	2	1.6528925619834711	0.03064438833492205	22417, 22418	117	8	29878	63.84188034188035	1.0	0.5339029347929376	0.5282919904499237
GOTERM_BP_DIRECT	GO:0051964~negative regulation of synapse assembly	2	1.6528925619834711	0.03064438833492205	19876, 22418	117	8	29878	63.84188034188035	1.0	0.5339029347929376	0.5282919904499237
GOTERM_CC_DIRECT	GO:0031012~extracellular matrix	5	4.132231404958678	0.03213561787997124	268977, 22417, 22418, 16007, 64074	121	299	30060	4.15434368003538	0.9994169473115975	0.2035255799064845	0.17942386649650607
GOTERM_BP_DIRECT	GO:0048666~neuron development	3	2.479338842975207	0.032837818689173015	22339, 17993, 18514	117	73	29878	10.494555672637864	1.0	0.5641719683125975	0.5582429177159413
GOTERM_BP_DIRECT	GO:0042472~inner ear morphogenesis	3	2.479338842975207	0.03366595774556039	109205, 20378, 22418	117	74	29878	10.352737352737353	1.0	0.5704765716610712	0.5644812641173412
KEGG_PATHWAY	mmu04148:Efferocytosis	5	4.132231404958678	0.03413066407140067	12317, 18263, 14456, 16423, 18514	75	161	9718	4.024016563146998	0.9945329031281901	1.0	1.0
INTERPRO	IPR009030:Growth_fac_rcpt_cys_sf	4	3.3057851239669422	0.03433278369679478	268977, 18552, 14456, 16007	119	133	22137	5.594743160422063	0.9999999460033774	1.0	1.0
GOTERM_CC_DIRECT	GO:0032991~protein-containing complex	9	7.43801652892562	0.03531751398677423	268977, 20499, 12317, 18148, 22608, 18519, 14645, 110954, 17756	121	942	30060	2.373532663052061	0.9997248041950775	0.2176322483509331	0.19186000841463838
UP_KW_BIOLOGICAL_PROCESS	KW-0037~Angiogenesis	4	3.3057851239669422	0.03585084211804248	57875, 22339, 16423, 14645	60	138	11227	5.423671497584541	0.8839862808806258	0.7050665616548355	0.7050665616548355
GOTERM_BP_DIRECT	GO:0009749~response to glucose	3	2.479338842975207	0.03619887770430973	14732, 14645, 269275	117	77	29878	9.949383949383948	1.0	0.5900315294394093	0.5838307130427138
GOTERM_BP_DIRECT	GO:0048146~positive regulation of fibroblast proliferation	3	2.479338842975207	0.03705910529104295	17993, 22418, 14456	117	78	29878	9.821827744904668	1.0	0.5900315294394093	0.5838307130427138
GOTERM_BP_DIRECT	GO:0071363~cellular response to growth factor stimulus	3	2.479338842975207	0.03705910529104295	14694, 14456, 269275	117	78	29878	9.821827744904668	1.0	0.5900315294394093	0.5838307130427138
GOTERM_BP_DIRECT	GO:0016477~cell migration	5	4.132231404958678	0.037799428661669056	22339, 11858, 22418, 16423, 68813	117	324	29878	3.9408568112271816	1.0	0.5900315294394093	0.5838307130427138
GOTERM_BP_DIRECT	GO:0045669~positive regulation of osteoblast differentiation	3	2.479338842975207	0.03792717112496221	22339, 22417, 16007	117	79	29878	9.697500811424861	1.0	0.5900315294394093	0.5838307130427138
GOTERM_BP_DIRECT	GO:0031204~post-translational protein targeting to membrane, translocation	2	1.6528925619834711	0.03815887013351071	20335, 66212	117	10	29878	51.07350427350428	1.0	0.5900315294394093	0.5838307130427138
GOTERM_BP_DIRECT	GO:2000048~negative regulation of cell-cell adhesion mediated by cadherin	2	1.6528925619834711	0.03815887013351071	22339, 66214	117	10	29878	51.07350427350428	1.0	0.5900315294394093	0.5838307130427138
GOTERM_MF_DIRECT	GO:0008201~heparin binding	4	3.3057851239669422	0.038782314343882844	20720, 22339, 16007, 64074	119	184	29205	5.335221044939715	0.9999946755085279	0.6435924671493615	0.6268213279402575
GOTERM_MF_DIRECT	GO:0043184~vascular endothelial growth factor receptor 2 binding	2	1.6528925619834711	0.03968328498967878	22339, 23892	119	10	29205	49.08403361344538	0.999996007473024	0.6435924671493615	0.6268213279402575
GOTERM_MF_DIRECT	GO:0001786~phosphatidylserine binding	3	2.479338842975207	0.039831455621621714	11745, 14456, 226778	119	78	29205	9.43923723335488	0.9999961921961827	0.6435924671493615	0.6268213279402575
KEGG_PATHWAY	mmu04916:Melanogenesis	4	3.3057851239669422	0.04053674801314141	17311, 22417, 22418, 208677	75	100	9718	5.182933333333334	0.997985107650033	1.0	1.0
GOTERM_BP_DIRECT	GO:0007267~cell-cell signaling	3	2.479338842975207	0.040577673561069325	22417, 22418, 23892	117	82	29878	9.342714196372732	1.0	0.6096187098459743	0.6032120459591532
GOTERM_BP_DIRECT	GO:1902035~positive regulation of hematopoietic stem cell proliferation	2	1.6528925619834711	0.04189442561363941	17311, 22418	117	11	29878	46.43045843045844	1.0	0.6096187098459743	0.6032120459591532
GOTERM_BP_DIRECT	GO:0090037~positive regulation of protein kinase C signaling	2	1.6528925619834711	0.04189442561363941	22339, 22418	117	11	29878	46.43045843045844	1.0	0.6096187098459743	0.6032120459591532
GOTERM_BP_DIRECT	GO:0090331~negative regulation of platelet aggregation	2	1.6528925619834711	0.04189442561363941	20720, 72828	117	11	29878	46.43045843045844	1.0	0.6096187098459743	0.6032120459591532
GOTERM_BP_DIRECT	GO:0030154~cell differentiation	9	7.43801652892562	0.042277467950809694	20720, 22339, 20378, 22417, 19876, 22418, 18514, 269275, 20677	117	1005	29878	2.286873325679296	1.0	0.6096187098459743	0.6032120459591532
GOTERM_BP_DIRECT	GO:0045165~cell fate commitment	3	2.479338842975207	0.04238254571281632	22417, 22418, 12142	117	84	29878	9.12026862026862	1.0	0.6096187098459743	0.6032120459591532
GOTERM_CC_DIRECT	GO:0036464~cytoplasmic ribonucleoprotein granule	3	2.479338842975207	0.043609283979709125	20102, 11837, 19943	121	83	30060	8.979388628895748	0.9999615532023024	0.26165570387825476	0.2306701599979351
KEGG_PATHWAY	mmu04141:Protein processing in endoplasmic reticulum	5	4.132231404958678	0.04418225654450295	20335, 66212, 12317, 67397, 13418	75	175	9718	3.702095238095238	0.998861682921262	1.0	1.0
UP_SEQ_FEATURE	MOTIF:Prevents secretion from ER	3	2.479338842975207	0.04465052188174588	12317, 67397, 52377	114	66	22187	8.846491228070175	0.9999999984438617	1.0	1.0
GOTERM_BP_DIRECT	GO:0036503~ERAD pathway	3	2.479338842975207	0.04797274513216713	66212, 12317, 52377	117	90	29878	8.512250712250712	1.0	0.6704599986609825	0.6634139356192745
GOTERM_BP_DIRECT	GO:0008104~protein localization	4	3.3057851239669422	0.04813153912431878	18148, 22418, 14694, 56334	117	209	29878	4.8874166768903615	1.0	0.6704599986609825	0.6634139356192745
UP_SEQ_FEATURE	CROSSLNK:Glycyl lysine isopeptide (Lys-Gly) (interchain with G-Cter in SUMO1); alternate	4	3.3057851239669422	0.04851151461107786	18148, 11837, 12142, 67891	114	160	22187	4.865570175438596	0.9999999997422667	1.0	1.0
KEGG_PATHWAY	mmu04360:Axon guidance	5	4.132231404958678	0.04894947252703581	218877, 22417, 19876, 22418, 259302	75	181	9718	3.5793738489871085	0.999462301758337	1.0	1.0
GOTERM_BP_DIRECT	GO:0001701~in utero embryonic development	5	4.132231404958678	0.04905553281567238	22339, 17263, 22608, 56334, 12142	117	353	29878	3.617103702089538	1.0	0.6704599986609825	0.6634139356192745
GOTERM_BP_DIRECT	GO:0001893~maternal placenta development	2	1.6528925619834711	0.04932244129195587	56334, 12142	117	13	29878	39.287310979618674	1.0	0.6704599986609825	0.6634139356192745
GOTERM_BP_DIRECT	GO:1990145~maintenance of translational fidelity	2	1.6528925619834711	0.04932244129195587	66475, 20042	117	13	29878	39.287310979618674	1.0	0.6704599986609825	0.6634139356192745
UP_KW_PTM	KW-0597~Phosphoprotein	69	57.02479338842975	0.05009354092732375	268977, 20335, 20499, 235293, 66212, 15382, 72931, 14694, 66214, 259302, 226778, 11745, 24056, 14456, 14732, 13167, 19943, 19989, 268449, 20103, 76808, 109205, 620695, 19876, 67397, 18148, 13170, 18263, 98238, 20384, 22608, 67996, 21835, 13418, 11837, 16525, 16007, 16403, 13850, 269261, 27370, 244864, 21366, 16573, 19167, 14077, 665113, 68813, 13627, 67281, 68052, 11520, 231861, 55949, 72828, 50934, 17427, 68026, 17993, 19652, 78294, 56040, 208618, 71949, 16423, 19735, 67891, 14645, 17756	100	7835	13016	1.146271857051691	0.6034890971879097	0.23794431940478783	0.2254209341729569
GOTERM_CC_DIRECT	GO:1990635~proximal dendrite	2	1.6528925619834711	0.050681074727799605	18552, 17756	121	13	30060	38.2199618563255	0.9999929210691832	0.2962893599471361	0.26120246205865955
GOTERM_BP_DIRECT	GO:0050679~positive regulation of epithelial cell proliferation	3	2.479338842975207	0.05086319852427519	22339, 22418, 14645	117	93	29878	8.237661979597462	1.0	0.6838888758100914	0.67670168471427
UP_KW_MOLECULAR_FUNCTION	KW-0143~Chaperone	5	4.132231404958678	0.05275717857165034	12317, 18148, 13418, 52377, 69387	82	213	12229	3.500801557311348	0.9127511880689053	0.4748146071448531	0.46426317143052304
GOTERM_BP_DIRECT	GO:2001028~positive regulation of endothelial cell chemotaxis	2	1.6528925619834711	0.05301501107896008	22339, 64074	117	14	29878	36.48107448107449	1.0	0.6903112495228801	0.6830565637962857
GOTERM_BP_DIRECT	GO:0089718~amino acid import across plasma membrane	2	1.6528925619834711	0.05301501107896008	21366, 50934	117	14	29878	36.48107448107449	1.0	0.6903112495228801	0.6830565637962857
GOTERM_BP_DIRECT	GO:0015909~long-chain fatty acid transport	2	1.6528925619834711	0.05301501107896008	14077, 11520	117	14	29878	36.48107448107449	1.0	0.6903112495228801	0.6830565637962857
GOTERM_CC_DIRECT	GO:0044322~endoplasmic reticulum quality control compartment	2	1.6528925619834711	0.054472410669937826	66212, 12317	121	14	30060	35.489964580873675	0.9999971573796289	0.31049274081864564	0.2737238636164376
GOTERM_MF_DIRECT	GO:0051082~unfolded protein binding	3	2.479338842975207	0.054587073267577585	12317, 18148, 69387	119	93	29205	7.916779615071835	0.9999999672047004	0.7530452264966387	0.7334218981188761
GOTERM_MF_DIRECT	GO:0042803~protein homodimerization activity	8	6.6115702479338845	0.0546265248597895	67397, 18148, 14694, 18263, 23892, 13850, 208677, 21835	119	841	29205	2.334555700996213	0.9999999676221684	0.7530452264966387	0.7334218981188761
GOTERM_BP_DIRECT	GO:0032868~response to insulin	3	2.479338842975207	0.05481193468359684	20384, 67996, 269275	117	97	29878	7.89796457837695	1.0	0.7062746167042634	0.6988521672158597
GOTERM_MF_DIRECT	GO:0008097~5S rRNA binding	2	1.6528925619834711	0.05511578599706771	67891, 19989	119	14	29205	35.06002400960384	0.9999999723797143	0.7530452264966387	0.7334218981188761
UP_KW_CELLULAR_COMPONENT	KW-0539~Nucleus	41	33.88429752066116	0.056600711983647106	66475, 22339, 68895, 15382, 72931, 14694, 19167, 66214, 665113, 208677, 20677, 246196, 13627, 76884, 68052, 18519, 18514, 72828, 17427, 268449, 20103, 267019, 68026, 20102, 18148, 13170, 98238, 19652, 22608, 20384, 20042, 406217, 67996, 12142, 21835, 78294, 13418, 11837, 93838, 20085, 19735	112	5313	18500	1.2746699470301954	0.8450265102591787	0.3622445566953415	0.33960427190188264
GOTERM_BP_DIRECT	GO:0060993~kidney morphogenesis	2	1.6528925619834711	0.056693361555969726	22417, 20677	117	15	29878	34.049002849002854	1.0	0.7156090637217811	0.708088515760275
GOTERM_BP_DIRECT	GO:0061053~somite development	2	1.6528925619834711	0.056693361555969726	20378, 22418	117	15	29878	34.049002849002854	1.0	0.7156090637217811	0.708088515760275
INTERPRO	IPR015720:Emp24-like	2	1.6528925619834711	0.05710940017569309	56334, 73130	119	11	22137	33.82276546982429	0.9999999999994152	1.0	1.0
GOTERM_MF_DIRECT	GO:0043023~ribosomal large subunit binding	2	1.6528925619834711	0.058935330966697314	18148, 19652	119	15	29205	32.72268907563025	0.9999999920351628	0.7530452264966387	0.7334218981188761
INTERPRO	IPR012677:Nucleotide-bd_a/b_plait_sf	5	4.132231404958678	0.06041185305766178	268449, 15382, 20384, 19652, 67996	119	276	22137	3.3700219218122034	0.9999999999998911	1.0	1.0
GOTERM_CC_DIRECT	GO:0005856~cytoskeleton	11	9.090909090909092	0.06047286573167542	17311, 18148, 208618, 66214, 16573, 406217, 665113, 18519, 226778, 17756, 17427	121	1431	30060	1.9096626643796455	0.9999993342262896	0.3316388725149845	0.29236584813821004
SMART	SM01190:EMP24_GP25L	2	1.6528925619834711	0.06061401533557212	56334, 73130	63	11	10943	31.58152958152958	0.9902172343310279	1.0	1.0
GOTERM_MF_DIRECT	GO:0042277~peptide binding	3	2.479338842975207	0.06095020051836426	12317, 11837, 18552	119	99	29205	7.436974789915967	0.9999999958751548	0.7530452264966387	0.7334218981188761
INTERPRO	IPR011332:Ribosomal_zn-bd	2	1.6528925619834711	0.062137922761235496	67281, 78294	119	12	22137	31.00420168067227	0.9999999999999548	1.0	1.0
GOTERM_CC_DIRECT	GO:0043204~perikaryon	4	3.3057851239669422	0.06216989995269298	14694, 18552, 16525, 14645	121	226	30060	4.396986762232136	0.9999995591303653	0.3316388725149845	0.29236584813821004
GOTERM_CC_DIRECT	GO:0043231~intracellular membrane-bounded organelle	9	7.43801652892562	0.06254592771115935	13418, 52377, 98238, 22608, 13032, 20042, 56334, 16525, 14645	121	1061	30060	2.1073211768096525	0.9999995976537145	0.3316388725149845	0.29236584813821004
GOTERM_MF_DIRECT	GO:0036002~pre-mRNA binding	2	1.6528925619834711	0.06273956635713962	15382, 67996	119	16	29205	30.67752100840336	0.9999999977032851	0.7530452264966387	0.7334218981188761
GOTERM_BP_DIRECT	GO:0061036~positive regulation of cartilage development	2	1.6528925619834711	0.06400762150003425	22418, 16007	117	17	29878	30.04323780794369	1.0	0.7997719979347714	0.7913669567276962
GOTERM_MF_DIRECT	GO:0043422~protein kinase B binding	2	1.6528925619834711	0.06652855300422161	18148, 20384	119	17	29205	28.872960949085517	0.9999999993377549	0.7530452264966387	0.7334218981188761
GOTERM_BP_DIRECT	GO:0000028~ribosomal small subunit assembly	2	1.6528925619834711	0.06764363891223721	20103, 20085	117	18	29878	28.37416904083571	1.0	0.8203449150435042	0.8117236669468465
GOTERM_BP_DIRECT	GO:0007548~sex differentiation	2	1.6528925619834711	0.06764363891223721	22417, 18514	117	18	29878	28.37416904083571	1.0	0.8203449150435042	0.8117236669468465
GOTERM_BP_DIRECT	GO:0045834~positive regulation of lipid metabolic process	2	1.6528925619834711	0.06764363891223721	57875, 14694	117	18	29878	28.37416904083571	1.0	0.8203449150435042	0.8117236669468465
GOTERM_MF_DIRECT	GO:0005085~guanyl-nucleotide exchange factor activity	4	3.3057851239669422	0.06804729981472207	66212, 24056, 68813, 55949	119	232	29205	4.231382208055636	0.9999999995982847	0.7530452264966387	0.7334218981188761
GOTERM_BP_DIRECT	GO:0060070~canonical Wnt signaling pathway	3	2.479338842975207	0.06942867534119192	20378, 22417, 22418	117	111	29878	6.901824901824901	1.0	0.8269357480967454	0.8182452349801265
GOTERM_BP_DIRECT	GO:0006629~lipid metabolic process	7	5.785123966942149	0.06952410493295191	57875, 235293, 14732, 71949, 54326, 13850, 21835	117	742	29878	2.4091275600709565	1.0	0.8269357480967454	0.8182452349801265
GOTERM_MF_DIRECT	GO:0045182~translation regulator activity	2	1.6528925619834711	0.0703023515065152	14694, 110954	119	18	29205	27.26890756302521	0.9999999998090534	0.7530452264966387	0.7334218981188761
GOTERM_BP_DIRECT	GO:0003279~cardiac septum development	2	1.6528925619834711	0.07126565290987756	18552, 12142	117	19	29878	26.880791722896987	1.0	0.8356894871168408	0.826906978359752
GOTERM_BP_DIRECT	GO:0090263~positive regulation of canonical Wnt signaling pathway	3	2.479338842975207	0.07161122525010924	20042, 72043, 20677	117	113	29878	6.779668708872249	1.0	0.8356894871168408	0.826906978359752
INTERPRO	IPR036598:GOLD_dom_sf	2	1.6528925619834711	0.07211533283283475	56334, 73130	119	14	22137	26.575030012004802	0.9999999999999998	1.0	1.0
GOTERM_BP_DIRECT	GO:0042254~ribosome biogenesis	3	2.479338842975207	0.07381685861530397	27176, 11837, 14645	117	115	29878	6.661761426978818	1.0	0.8533780757675795	0.8444096723844119
GOTERM_MF_DIRECT	GO:0015171~amino acid transmembrane transporter activity	2	1.6528925619834711	0.07406102223141213	21366, 50934	119	19	29205	25.833701901813356	0.9999999999449463	0.7530452264966387	0.7334218981188761
GOTERM_MF_DIRECT	GO:0030297~transmembrane receptor protein tyrosine kinase activator activity	2	1.6528925619834711	0.07406102223141213	22339, 23892	119	19	29205	25.833701901813356	0.9999999999449463	0.7530452264966387	0.7334218981188761
GOTERM_BP_DIRECT	GO:0050765~negative regulation of phagocytosis	2	1.6528925619834711	0.07487371694545704	14694, 16423	117	20	29878	25.53675213675214	1.0	0.8572320842565025	0.8482231779546962
GOTERM_CC_DIRECT	GO:0043005~neuron projection	5	4.132231404958678	0.07614811048699556	19876, 14694, 76884, 16573, 17756	121	399	30060	3.1131547877959362	0.9999999856339916	0.39458566343261336	0.34785841381559335
GOTERM_BP_DIRECT	GO:0009611~response to wounding	3	2.479338842975207	0.07622920716913119	20720, 20384, 72043	117	117	29878	6.547885163269778	1.0	0.8572320842565025	0.8482231779546962
GOTERM_BP_DIRECT	GO:0006457~protein folding	3	2.479338842975207	0.07622920716913119	12317, 13418, 69387	117	117	29878	6.547885163269778	1.0	0.8572320842565025	0.8482231779546962
UP_SEQ_FEATURE	TOPO_DOM:Cytoplasmic	24	19.834710743801654	0.07634224600966438	20335, 66212, 20499, 17311, 19876, 244864, 67695, 21366, 98238, 18552, 66913, 208677, 73130, 77590, 13418, 56334, 16525, 14732, 16403, 71949, 16423, 56615, 50934, 269275	114	3333	22187	1.401424352961612	0.9999999999999996	1.0	1.0
GOTERM_MF_DIRECT	GO:0005509~calcium ion binding	7	5.785123966942149	0.07675225343439834	268977, 11745, 12317, 52377, 14456, 72043, 64074	119	732	29205	2.346914175506268	0.9999999999774729	0.7530452264966387	0.7334218981188761
UP_KW_LIGAND	KW-0106~Calcium	9	7.43801652892562	0.07679888803820463	268977, 11745, 12317, 373864, 52377, 14456, 16403, 72043, 64074	35	906	6741	1.9132450331125825	0.7429382727293201	1.0	1.0
UP_SEQ_FEATURE	DOMAIN:RRM 2	3	2.479338842975207	0.07712989187066598	15382, 20384, 67996	114	90	22187	6.487426900584795	0.9999999999999997	1.0	1.0
UP_SEQ_FEATURE	DOMAIN:RRM 1	3	2.479338842975207	0.07712989187066598	15382, 20384, 67996	114	90	22187	6.487426900584795	0.9999999999999997	1.0	1.0
GOTERM_BP_DIRECT	GO:0032880~regulation of protein localization	3	2.479338842975207	0.07715546496924743	22418, 14694, 17756	117	118	29878	6.492394611038678	1.0	0.858980291035951	0.8499530123104316
GOTERM_BP_DIRECT	GO:0042462~eye photoreceptor cell development	2	1.6528925619834711	0.0784678843064369	22339, 12142	117	21	29878	24.320716320716325	1.0	0.858980291035951	0.8499530123104316
GOTERM_BP_DIRECT	GO:0031954~positive regulation of protein autophosphorylation	2	1.6528925619834711	0.0784678843064369	22339, 674895	117	21	29878	24.320716320716325	1.0	0.858980291035951	0.8499530123104316
GOTERM_MF_DIRECT	GO:0003676~nucleic acid binding	6	4.958677685950414	0.0784933135110503	18148, 15382, 22608, 20384, 19652, 67996	119	563	29205	2.6154902458319027	0.9999999999873806	0.7530452264966387	0.7334218981188761
GOTERM_BP_DIRECT	GO:0045779~negative regulation of bone resorption	2	1.6528925619834711	0.08204820802384928	22339, 72828	117	22	29878	23.21522921522922	1.0	0.8752515256530226	0.8660532476954726
GOTERM_BP_DIRECT	GO:0051302~regulation of cell division	2	1.6528925619834711	0.08204820802384928	14694, 18519	117	22	29878	23.21522921522922	1.0	0.8752515256530226	0.8660532476954726
GOTERM_BP_DIRECT	GO:0071346~cellular response to type II interferon	3	2.479338842975207	0.08284716958865211	22418, 16573, 16423	117	123	29878	6.228476130915155	1.0	0.8752515256530226	0.8660532476954726
UP_SEQ_FEATURE	LIPID:O-palmitoleoyl serine; by PORCN	2	1.6528925619834711	0.08317151515029456	22417, 22418	114	17	22187	22.896800825593395	1.0	1.0	1.0
UP_SEQ_FEATURE	REPEAT:1-3	2	1.6528925619834711	0.08317151515029456	12317, 244864	114	17	22187	22.896800825593395	1.0	1.0	1.0
GOTERM_BP_DIRECT	GO:0090190~positive regulation of branching involved in ureteric bud morphogenesis	2	1.6528925619834711	0.08561474098950342	22339, 23892	117	23	29878	22.20587142326273	1.0	0.8752515256530226	0.8660532476954726
GOTERM_BP_DIRECT	GO:0046889~positive regulation of lipid biosynthetic process	2	1.6528925619834711	0.08561474098950342	18519, 13167	117	23	29878	22.20587142326273	1.0	0.8752515256530226	0.8660532476954726
GOTERM_BP_DIRECT	GO:0060384~innervation	2	1.6528925619834711	0.08561474098950342	20720, 72043	117	23	29878	22.20587142326273	1.0	0.8752515256530226	0.8660532476954726
GOTERM_BP_DIRECT	GO:0014009~glial cell proliferation	2	1.6528925619834711	0.08561474098950342	13167, 20677	117	23	29878	22.20587142326273	1.0	0.8752515256530226	0.8660532476954726
GOTERM_BP_DIRECT	GO:0035162~embryonic hemopoiesis	2	1.6528925619834711	0.08561474098950342	17311, 18514	117	23	29878	22.20587142326273	1.0	0.8752515256530226	0.8660532476954726
UP_SEQ_FEATURE	CARBOHYD:N-linked (GlcNAc...) asparagine	26	21.487603305785125	0.08671725000364394	268977, 218877, 22339, 20378, 22417, 244864, 22418, 21366, 18552, 77590, 208677, 52377, 14456, 64074, 20720, 17311, 373864, 19876, 13032, 23892, 72043, 57875, 16525, 16403, 71949, 16423	114	3734	22187	1.3551668405078041	1.0	1.0	1.0
GOTERM_BP_DIRECT	GO:0006886~intracellular protein transport	4	3.3057851239669422	0.08745115130036944	20335, 66212, 56334, 73130	117	269	29878	3.79728656308582	1.0	0.8851095673577823	0.8758076883152188
GOTERM_BP_DIRECT	GO:0035556~intracellular signal transduction	5	4.132231404958678	0.08801008632579405	14694, 24056, 665113, 50934, 226778	117	432	29878	2.955642608420386	1.0	0.8851095673577823	0.8758076883152188
GOTERM_BP_DIRECT	GO:0009952~anterior/posterior pattern specification	3	2.479338842975207	0.08983095565044671	22418, 18552, 18514	117	129	29878	5.938779566686544	1.0	0.896136226932279	0.8867184654527966
UP_KW_MOLECULAR_FUNCTION	KW-0358~Heparin-binding	3	2.479338842975207	0.090250796864732	20720, 22339, 16007	82	76	12229	5.8868741976893455	0.9858265435581501	0.673160261030077	0.6582011441182976
UP_SEQ_FEATURE	DOMAIN:GOLD	2	1.6528925619834711	0.09249401545619236	56334, 73130	114	19	22187	20.486611265004615	1.0	1.0	1.0
GOTERM_BP_DIRECT	GO:0048025~negative regulation of mRNA splicing, via spliceosome	2	1.6528925619834711	0.09270664501295058	18148, 67996	117	25	29878	20.429401709401713	1.0	0.9029773218977942	0.8934876653216655
GOTERM_BP_DIRECT	GO:1904754~positive regulation of vascular associated smooth muscle cell migration	2	1.6528925619834711	0.09270664501295058	18552, 68813	117	25	29878	20.429401709401713	1.0	0.9029773218977942	0.8934876653216655
GOTERM_BP_DIRECT	GO:0031589~cell-substrate adhesion	2	1.6528925619834711	0.09270664501295058	14456, 16403	117	25	29878	20.429401709401713	1.0	0.9029773218977942	0.8934876653216655
GOTERM_CC_DIRECT	GO:0005654~nucleoplasm	21	17.355371900826448	0.09364274407735923	18148, 13170, 15382, 14694, 20384, 19652, 66214, 13032, 12142, 406217, 19167, 665113, 208677, 21835, 78294, 20677, 24056, 20085, 18519, 231861, 18514	121	3681	30060	1.4172846491139446	0.9999999998162333	0.4744565699919534	0.4182709235455379
GOTERM_BP_DIRECT	GO:0006468~protein phosphorylation	6	4.958677685950414	0.09425746814838706	22418, 674895, 14456, 665113, 226778, 269275	117	620	29878	2.471298593879239	1.0	0.9109100632777719	0.9013370391689512
GOTERM_BP_DIRECT	GO:0048814~regulation of dendrite morphogenesis	2	1.6528925619834711	0.09623212082318691	19876, 665113	117	26	29878	19.643655489809337	1.0	0.9156856419867863	0.9060624299044676
GOTERM_BP_DIRECT	GO:0010243~response to organonitrogen compound	2	1.6528925619834711	0.09623212082318691	665113, 56615	117	26	29878	19.643655489809337	1.0	0.9156856419867863	0.9060624299044676
GOTERM_MF_DIRECT	GO:0003746~translation elongation factor activity	2	1.6528925619834711	0.09629871377577312	13627, 55949	119	25	29205	19.63361344537815	0.9999999999999684	0.8872016070418413	0.8640823469234872
INTERPRO	IPR018161:Wnt_CS	2	1.6528925619834711	0.09660077583401529	22417, 22418	119	19	22137	19.581601061477222	1.0	1.0	1.0
INTERPRO	IPR005817:Wnt	2	1.6528925619834711	0.09660077583401529	22417, 22418	119	19	22137	19.581601061477222	1.0	1.0	1.0
INTERPRO	IPR043158:Wnt_C	2	1.6528925619834711	0.09660077583401529	22417, 22418	119	19	22137	19.581601061477222	1.0	1.0	1.0
INTERPRO	IPR009038:GOLD_dom	2	1.6528925619834711	0.09660077583401529	56334, 73130	119	19	22137	19.581601061477222	1.0	1.0	1.0
GOTERM_BP_DIRECT	GO:0051092~positive regulation of NF-kappaB transcription factor activity	3	2.479338842975207	0.09698201792637537	18148, 22418, 23892	117	135	29878	5.674833808167142	1.0	0.9157767646940942	0.9061525949762096
GOTERM_MF_DIRECT	GO:0005102~signaling receptor binding	5	4.132231404958678	0.09825685550300522	20720, 218877, 22417, 22418, 14456	119	432	29205	2.840511204481793	0.9999999999999838	0.8872016070418413	0.8640823469234872
GOTERM_BP_DIRECT	GO:0000380~alternative mRNA splicing, via spliceosome	2	1.6528925619834711	0.09974401529508038	15382, 67996	117	27	29878	18.916112693890472	1.0	0.9168168747765781	0.9071817742332511
GOTERM_BP_DIRECT	GO:0006884~cell volume homeostasis	2	1.6528925619834711	0.09974401529508038	20499, 18148	117	27	29878	18.916112693890472	1.0	0.9168168747765781	0.9071817742332511
